2024-08-12 00:18:53,SOLUSDT,ask,175,30667.0
2024-08-12 00:30:58,SOLUSDT,ask,175,30646.0
2024-08-12 00:31:22,SOLUSDT,bid,74,67597.0
2024-08-12 00:31:23,SOLUSDT,bid,74,67596.0
2024-08-12 00:31:27,SOLUSDT,bid,74,67597.0
2024-08-12 00:31:29,SOLUSDT,bid,74,67596.0
2024-08-12 00:31:34,SOLUSDT,bid,74,67597.0
2024-08-12 00:31:35,SOLUSDT,bid,74,67596.0
2024-08-12 00:31:52,SOLUSDT,bid,74,67597.0
2024-08-12 00:31:53,SOLUSDT,bid,74,67596.0
2024-08-12 00:35:27,SOLUSDT,ask,175,30645.0
2024-08-12 01:26:54,SOLUSDT,bid,74,67597.0
2024-08-12 01:26:55,SOLUSDT,bid,74,67596.0
2024-08-12 01:52:11,SOLUSDT,bid,74,67596.0
2024-08-12 01:52:11,SOLUSDT,bid,74,67597.0
2024-08-12 01:52:12,SOLUSDT,bid,74,67596.0
2024-08-12 01:52:13,SOLUSDT,bid,74,67597.0
2024-08-12 01:52:14,SOLUSDT,bid,74,67596.0
2024-08-12 01:52:35,SOLUSDT,ask,147,35367.0
2024-08-12 01:52:35,SOLUSDT,ask,147,35362.0
2024-08-12 01:52:38,SOLUSDT,ask,147,35375.0
2024-08-12 01:52:38,SOLUSDT,ask,147,35385.0
2024-08-12 01:52:38,SOLUSDT,ask,147,35375.0
2024-08-12 01:52:39,SOLUSDT,ask,147,35387.0
2024-08-12 01:52:40,SOLUSDT,ask,147,35375.0
2024-08-12 01:52:41,SOLUSDT,ask,147,35362.0
2024-08-12 01:52:42,SOLUSDT,ask,147,35361.0
2024-08-12 01:52:42,SOLUSDT,ask,147,35361.0
2024-08-12 01:52:44,SOLUSDT,ask,147,35361.0
2024-08-12 01:52:47,SOLUSDT,ask,147,35374.0
2024-08-12 01:52:47,SOLUSDT,ask,147,35379.0
2024-08-12 01:52:47,SOLUSDT,ask,147,35374.0
2024-08-12 01:52:48,SOLUSDT,ask,147,35361.0
2024-08-12 01:52:48,SOLUSDT,ask,147,35411.0
2024-08-12 01:52:48,SOLUSDT,ask,147,35361.0
2024-08-12 01:52:53,SOLUSDT,ask,147,35363.0
2024-08-12 01:52:53,SOLUSDT,ask,147,35364.0
2024-08-12 01:52:53,SOLUSDT,ask,147,35367.0
2024-08-12 01:52:54,SOLUSDT,ask,147,35401.0
2024-08-12 01:52:55,SOLUSDT,ask,147,35366.0
2024-08-12 01:52:56,SOLUSDT,ask,147,35365.0
2024-08-12 01:52:56,SOLUSDT,ask,147,35368.0
2024-08-12 01:52:56,SOLUSDT,ask,147,35364.0
2024-08-12 01:52:56,SOLUSDT,ask,147,35364.0
2024-08-12 01:53:00,SOLUSDT,ask,147,35365.0
2024-08-12 01:53:01,SOLUSDT,ask,147,35365.0
2024-08-12 01:53:02,SOLUSDT,ask,147,35365.0
2024-08-12 01:53:03,SOLUSDT,ask,147,35367.0
2024-08-12 01:53:03,SOLUSDT,ask,147,35365.0
2024-08-12 01:53:03,SOLUSDT,ask,147,35465.0
2024-08-12 01:53:03,SOLUSDT,ask,147,35365.0
2024-08-12 01:53:04,SOLUSDT,ask,147,35367.0
2024-08-12 01:53:04,SOLUSDT,ask,147,35365.0
2024-08-12 01:53:05,SOLUSDT,ask,147,35365.0
2024-08-12 01:53:06,SOLUSDT,ask,147,35367.0
2024-08-12 01:53:06,SOLUSDT,ask,147,35365.0
2024-08-12 01:53:07,SOLUSDT,ask,147,35367.0
2024-08-12 01:53:07,SOLUSDT,ask,147,35365.0
2024-08-12 01:53:10,SOLUSDT,ask,147,35367.0
2024-08-12 01:53:10,SOLUSDT,ask,147,35365.0
2024-08-12 01:53:11,SOLUSDT,ask,147,35367.0
2024-08-12 01:53:11,SOLUSDT,ask,147,35365.0
2024-08-12 01:53:11,SOLUSDT,ask,147,35382.0
2024-08-12 01:53:11,SOLUSDT,ask,147,35367.0
2024-08-12 01:53:11,SOLUSDT,ask,147,35373.0
2024-08-12 01:53:11,SOLUSDT,ask,147,35372.0
2024-08-12 01:53:11,SOLUSDT,ask,147,35367.0
2024-08-12 01:53:11,SOLUSDT,ask,147,35402.0
2024-08-12 01:53:12,SOLUSDT,ask,147,35368.0
2024-08-12 01:53:12,SOLUSDT,ask,147,35367.0
2024-08-12 01:53:12,SOLUSDT,ask,147,35370.0
2024-08-12 01:53:13,SOLUSDT,ask,147,35367.0
2024-08-12 01:53:13,SOLUSDT,ask,147,35366.0
2024-08-12 01:53:14,SOLUSDT,ask,147,35368.0
2024-08-12 01:53:14,SOLUSDT,ask,147,35366.0
2024-08-12 01:53:14,SOLUSDT,ask,147,35369.0
2024-08-12 01:53:14,SOLUSDT,ask,147,35400.0
2024-08-12 01:53:15,SOLUSDT,ask,147,35402.0
2024-08-12 01:53:15,SOLUSDT,ask,147,35400.0
2024-08-12 01:53:15,SOLUSDT,ask,147,35366.0
2024-08-12 01:53:15,SOLUSDT,ask,147,35366.0
2024-08-12 01:53:17,SOLUSDT,ask,147,35379.0
2024-08-12 01:53:17,SOLUSDT,ask,147,35366.0
2024-08-12 01:53:17,SOLUSDT,ask,147,35366.0
2024-08-12 01:53:18,SOLUSDT,ask,147,35382.0
2024-08-12 01:53:20,SOLUSDT,ask,147,35382.0
2024-08-12 01:53:20,SOLUSDT,ask,147,35366.0
2024-08-12 01:53:21,SOLUSDT,ask,147,35382.0
2024-08-12 01:53:22,SOLUSDT,ask,147,35384.0
2024-08-12 01:53:23,SOLUSDT,ask,147,35386.0
2024-08-12 01:53:23,SOLUSDT,ask,147,35384.0
2024-08-12 01:53:23,SOLUSDT,ask,147,35412.0
2024-08-12 01:53:23,SOLUSDT,ask,147,35384.0
2024-08-12 01:53:24,SOLUSDT,ask,147,35384.0
2024-08-12 01:53:24,SOLUSDT,ask,147,35368.0
2024-08-12 01:53:25,SOLUSDT,ask,147,35375.0
2024-08-12 01:53:25,SOLUSDT,ask,147,35368.0
2024-08-12 01:53:26,SOLUSDT,ask,147,35369.0
2024-08-12 01:53:26,SOLUSDT,ask,147,35366.0
2024-08-12 01:53:29,SOLUSDT,ask,147,35366.0
2024-08-12 01:53:30,SOLUSDT,ask,147,35366.0
2024-08-12 01:53:31,SOLUSDT,ask,147,35366.0
2024-08-12 01:53:38,SOLUSDT,ask,147,35381.0
2024-08-12 01:53:38,SOLUSDT,ask,147,35388.0
2024-08-12 01:53:38,SOLUSDT,ask,147,35373.0
2024-08-12 01:53:39,SOLUSDT,ask,147,35366.0
2024-08-12 01:53:39,SOLUSDT,ask,147,35369.0
2024-08-12 01:53:41,SOLUSDT,ask,147,35413.0
2024-08-12 01:53:42,SOLUSDT,ask,147,35410.0
2024-08-12 01:53:42,SOLUSDT,ask,147,35448.0
2024-08-12 01:53:43,SOLUSDT,ask,147,35404.0
2024-08-12 01:53:43,SOLUSDT,ask,147,35417.0
2024-08-12 01:53:43,SOLUSDT,ask,147,35418.0
2024-08-12 01:53:44,SOLUSDT,ask,147,35412.0
2024-08-12 01:53:44,SOLUSDT,ask,147,35413.0
2024-08-12 01:53:45,SOLUSDT,ask,147,35447.0
2024-08-12 01:53:45,SOLUSDT,ask,147,35399.0
2024-08-12 01:53:45,SOLUSDT,ask,147,35402.0
2024-08-12 01:53:45,SOLUSDT,ask,147,35436.0
2024-08-12 01:53:46,SOLUSDT,ask,147,35433.0
2024-08-12 01:53:46,SOLUSDT,ask,147,35413.0
2024-08-12 01:53:48,SOLUSDT,ask,147,35415.0
2024-08-12 01:53:51,SOLUSDT,ask,147,35449.0
2024-08-12 01:53:51,SOLUSDT,ask,147,35452.0
2024-08-12 01:53:51,SOLUSDT,ask,147,35449.0
2024-08-12 01:53:52,SOLUSDT,ask,147,35415.0
2024-08-12 01:53:52,SOLUSDT,ask,147,35407.0
2024-08-12 01:53:52,SOLUSDT,ask,147,35406.0
2024-08-12 01:53:52,SOLUSDT,ask,147,35404.0
2024-08-12 01:53:55,SOLUSDT,ask,147,35404.0
2024-08-12 01:53:57,SOLUSDT,ask,147,35404.0
2024-08-12 01:53:59,SOLUSDT,ask,147,35433.0
2024-08-12 01:53:59,SOLUSDT,ask,147,35436.0
2024-08-12 01:53:59,SOLUSDT,ask,147,35439.0
2024-08-12 01:54:00,SOLUSDT,ask,147,35436.0
2024-08-12 01:54:00,SOLUSDT,ask,147,35399.0
2024-08-12 01:54:00,SOLUSDT,ask,147,35433.0
2024-08-12 01:54:01,SOLUSDT,ask,147,35399.0
2024-08-12 01:54:03,SOLUSDT,ask,147,35400.0
2024-08-12 01:54:04,SOLUSDT,ask,147,35405.0
2024-08-12 01:54:04,SOLUSDT,ask,147,35473.0
2024-08-12 01:54:04,SOLUSDT,ask,147,35405.0
2024-08-12 01:54:05,SOLUSDT,ask,147,35404.0
2024-08-12 01:54:08,SOLUSDT,ask,147,35401.0
2024-08-12 01:54:08,SOLUSDT,ask,147,35404.0
2024-08-12 01:54:09,SOLUSDT,ask,147,35401.0
2024-08-12 01:54:10,SOLUSDT,ask,147,35404.0
2024-08-12 01:54:10,SOLUSDT,ask,147,35421.0
2024-08-12 01:54:12,SOLUSDT,ask,147,35404.0
2024-08-12 01:54:13,SOLUSDT,ask,147,35411.0
2024-08-12 01:54:14,SOLUSDT,ask,147,35420.0
2024-08-12 01:54:15,SOLUSDT,ask,147,35407.0
2024-08-12 01:55:09,SOLUSDT,ask,175,30644.0
2024-08-12 01:55:09,SOLUSDT,ask,176,29466.0
2024-08-12 01:55:09,SOLUSDT,ask,178,35282.0
2024-08-12 01:56:15,SOLUSDT,ask,147,34792.0
2024-08-12 01:56:15,SOLUSDT,ask,147,34792.0
2024-08-12 01:56:15,SOLUSDT,ask,147,34794.0
2024-08-12 01:56:16,SOLUSDT,ask,147,34894.0
2024-08-12 01:56:18,SOLUSDT,ask,147,34794.0
2024-08-12 01:56:19,SOLUSDT,ask,147,34894.0
2024-08-12 01:56:20,SOLUSDT,ask,147,34794.0
2024-08-12 01:56:22,SOLUSDT,ask,147,34894.0
2024-08-12 01:56:22,SOLUSDT,ask,147,34794.0
2024-08-12 01:56:23,SOLUSDT,ask,147,34805.0
2024-08-12 01:56:24,SOLUSDT,ask,147,34873.0
2024-08-12 01:56:24,SOLUSDT,ask,147,34857.0
2024-08-12 01:56:24,SOLUSDT,ask,147,34789.0
2024-08-12 01:56:25,SOLUSDT,ask,147,34823.0
2024-08-12 01:56:25,SOLUSDT,ask,147,34789.0
2024-08-12 01:56:27,SOLUSDT,ask,147,34796.0
2024-08-12 01:56:28,SOLUSDT,ask,147,34789.0
2024-08-12 01:56:35,SOLUSDT,ask,147,34799.0
2024-08-12 01:56:37,SOLUSDT,ask,147,34803.0
2024-08-12 01:56:37,SOLUSDT,ask,147,34799.0
2024-08-12 01:56:38,SOLUSDT,ask,147,34811.0
2024-08-12 01:56:38,SOLUSDT,ask,147,34798.0
2024-08-12 01:56:38,SOLUSDT,ask,147,34806.0
2024-08-12 01:56:38,SOLUSDT,ask,147,34799.0
2024-08-12 01:56:39,SOLUSDT,ask,147,34799.0
2024-08-12 01:56:43,SOLUSDT,ask,147,34817.0
2024-08-12 01:56:45,SOLUSDT,ask,147,34832.0
2024-08-12 01:56:48,SOLUSDT,ask,147,34817.0
2024-08-12 01:56:48,SOLUSDT,ask,147,34799.0
2024-08-12 01:56:49,SOLUSDT,ask,147,34789.0
2024-08-12 01:56:51,SOLUSDT,ask,147,34804.0
2024-08-12 01:56:51,SOLUSDT,ask,147,34793.0
2024-08-12 01:56:51,SOLUSDT,ask,147,34789.0
2024-08-12 01:56:51,SOLUSDT,ask,147,34794.0
2024-08-12 01:56:52,SOLUSDT,ask,147,34789.0
2024-08-12 01:56:54,SOLUSDT,ask,147,34789.0
2024-08-12 01:56:55,SOLUSDT,ask,147,34794.0
2024-08-12 01:56:55,SOLUSDT,ask,147,34789.0
2024-08-12 01:57:05,SOLUSDT,ask,147,34789.0
2024-08-12 01:57:10,SOLUSDT,ask,147,34789.0
2024-08-12 01:57:10,SOLUSDT,ask,147,34794.0
2024-08-12 01:57:22,SOLUSDT,ask,147,34794.0
2024-08-12 01:57:22,SOLUSDT,ask,147,34791.0
2024-08-12 01:57:23,SOLUSDT,ask,147,34789.0
2024-08-12 01:57:25,SOLUSDT,ask,147,34790.0
2024-08-12 01:57:27,SOLUSDT,ask,147,34793.0
2024-08-12 01:57:28,SOLUSDT,ask,147,34790.0
2024-08-12 01:57:29,SOLUSDT,ask,147,34840.0
2024-08-12 01:57:29,SOLUSDT,ask,147,34790.0
2024-08-12 01:57:29,SOLUSDT,ask,147,34877.0
2024-08-12 01:57:29,SOLUSDT,ask,147,35107.0
2024-08-12 01:57:29,SOLUSDT,ask,147,34929.0
2024-08-12 01:57:29,SOLUSDT,ask,147,34927.0
2024-08-12 01:57:30,SOLUSDT,ask,147,34877.0
2024-08-12 01:57:30,SOLUSDT,ask,147,34876.0
2024-08-12 01:57:30,SOLUSDT,ask,147,34880.0
2024-08-12 01:57:30,SOLUSDT,ask,147,34883.0
2024-08-12 01:57:30,SOLUSDT,ask,147,34880.0
2024-08-12 01:57:30,SOLUSDT,ask,147,34883.0
2024-08-12 01:57:32,SOLUSDT,ask,147,34880.0
2024-08-12 01:57:34,SOLUSDT,ask,147,34930.0
2024-08-12 01:57:34,SOLUSDT,ask,147,34880.0
2024-08-12 01:57:36,SOLUSDT,ask,147,34930.0
2024-08-12 01:57:36,SOLUSDT,ask,147,34880.0
2024-08-12 01:57:37,SOLUSDT,ask,147,34930.0
2024-08-12 01:57:37,SOLUSDT,ask,147,35031.0
2024-08-12 01:57:37,SOLUSDT,ask,147,34981.0
2024-08-12 01:57:38,SOLUSDT,ask,147,35031.0
2024-08-12 01:57:39,SOLUSDT,ask,147,34981.0
2024-08-12 01:57:39,SOLUSDT,ask,147,34930.0
2024-08-12 01:57:40,SOLUSDT,ask,147,34880.0
2024-08-12 01:57:40,SOLUSDT,ask,147,34930.0
2024-08-12 01:57:40,SOLUSDT,ask,147,34880.0
2024-08-12 01:57:41,SOLUSDT,ask,147,34930.0
2024-08-12 01:57:41,SOLUSDT,ask,147,34789.0
2024-08-12 01:57:42,SOLUSDT,ask,147,34839.0
2024-08-12 01:57:42,SOLUSDT,ask,147,34861.0
2024-08-12 01:57:43,SOLUSDT,ask,147,34861.0
2024-08-12 01:57:43,SOLUSDT,ask,147,34811.0
2024-08-12 01:57:43,SOLUSDT,ask,147,34861.0
2024-08-12 01:57:43,SOLUSDT,ask,147,34811.0
2024-08-12 01:57:44,SOLUSDT,ask,147,34861.0
2024-08-12 01:57:44,SOLUSDT,ask,147,34811.0
2024-08-12 01:57:44,SOLUSDT,ask,147,34861.0
2024-08-12 01:57:45,SOLUSDT,ask,147,34861.0
2024-08-12 01:57:45,SOLUSDT,ask,147,34811.0
2024-08-12 01:57:45,SOLUSDT,ask,147,34861.0
2024-08-12 01:57:46,SOLUSDT,ask,147,34865.0
2024-08-12 01:57:46,SOLUSDT,ask,147,34861.0
2024-08-12 01:57:46,SOLUSDT,ask,147,34861.0
2024-08-12 01:57:47,SOLUSDT,ask,147,34861.0
2024-08-12 01:57:47,SOLUSDT,ask,147,34811.0
2024-08-12 01:57:48,SOLUSDT,ask,147,34861.0
2024-08-12 01:57:48,SOLUSDT,ask,147,34811.0
2024-08-12 01:57:48,SOLUSDT,ask,147,34861.0
2024-08-12 01:57:49,SOLUSDT,ask,147,34811.0
2024-08-12 01:57:49,SOLUSDT,ask,147,34861.0
2024-08-12 01:57:49,SOLUSDT,ask,147,34811.0
2024-08-12 01:57:49,SOLUSDT,ask,147,34861.0
2024-08-12 01:57:49,SOLUSDT,ask,147,34861.0
2024-08-12 01:57:50,SOLUSDT,ask,147,34854.0
2024-08-12 01:57:50,SOLUSDT,ask,147,34833.0
2024-08-12 01:57:50,SOLUSDT,ask,147,34867.0
2024-08-12 01:57:50,SOLUSDT,ask,147,34833.0
2024-08-12 01:57:51,SOLUSDT,ask,147,34815.0
2024-08-12 01:57:52,SOLUSDT,ask,147,34793.0
2024-08-12 01:57:53,SOLUSDT,ask,147,34793.0
2024-08-12 01:57:55,SOLUSDT,ask,147,34789.0
2024-08-12 01:58:01,SOLUSDT,ask,147,34828.0
2024-08-12 01:58:01,SOLUSDT,ask,147,34841.0
2024-08-12 01:58:01,SOLUSDT,ask,147,34807.0
2024-08-12 01:58:01,SOLUSDT,ask,147,34875.0
2024-08-12 01:58:01,SOLUSDT,ask,147,34943.0
2024-08-12 01:58:02,SOLUSDT,ask,147,34794.0
2024-08-12 01:58:02,SOLUSDT,ask,147,34794.0
2024-08-12 01:58:02,SOLUSDT,ask,147,34789.0
2024-08-12 01:58:02,SOLUSDT,ask,147,34801.0
2024-08-12 01:58:03,SOLUSDT,ask,147,34789.0
2024-08-12 01:58:08,SOLUSDT,ask,147,34789.0
2024-08-12 01:58:09,SOLUSDT,ask,147,34801.0
2024-08-12 01:58:11,SOLUSDT,ask,147,34789.0
2024-08-12 01:58:11,SOLUSDT,ask,147,34790.0
2024-08-12 01:58:11,SOLUSDT,ask,147,34789.0
2024-08-12 01:58:11,SOLUSDT,ask,147,34895.0
2024-08-12 01:58:11,SOLUSDT,ask,147,34895.0
2024-08-12 01:58:12,SOLUSDT,ask,147,34900.0
2024-08-12 01:58:12,SOLUSDT,ask,147,35001.0
2024-08-12 01:58:12,SOLUSDT,ask,147,34843.0
2024-08-12 01:58:12,SOLUSDT,ask,147,34844.0
2024-08-12 01:58:12,SOLUSDT,ask,147,34839.0
2024-08-12 01:58:13,SOLUSDT,ask,147,34789.0
2024-08-12 01:58:13,SOLUSDT,ask,147,34802.0
2024-08-12 01:58:13,SOLUSDT,ask,147,34815.0
2024-08-12 01:58:16,SOLUSDT,ask,147,34824.0
2024-08-12 01:58:18,SOLUSDT,ask,147,34846.0
2024-08-12 01:58:18,SOLUSDT,ask,147,34824.0
2024-08-12 01:58:18,SOLUSDT,ask,147,34811.0
2024-08-12 01:58:19,SOLUSDT,ask,147,34848.0
2024-08-12 01:58:19,SOLUSDT,ask,147,34870.0
2024-08-12 01:58:19,SOLUSDT,ask,147,34872.0
2024-08-12 01:58:20,SOLUSDT,ask,147,34850.0
2024-08-12 01:58:20,SOLUSDT,ask,147,34848.0
2024-08-12 01:58:20,SOLUSDT,ask,147,34848.0
2024-08-12 01:58:21,SOLUSDT,ask,147,34803.0
2024-08-12 01:58:21,SOLUSDT,ask,147,34817.0
2024-08-12 01:58:21,SOLUSDT,ask,147,34830.0
2024-08-12 01:58:21,SOLUSDT,ask,147,34835.0
2024-08-12 01:58:21,SOLUSDT,ask,147,34822.0
2024-08-12 01:58:22,SOLUSDT,ask,147,34808.0
2024-08-12 01:58:24,SOLUSDT,ask,147,34808.0
2024-08-12 01:58:24,SOLUSDT,ask,147,34804.0
2024-08-12 01:58:24,SOLUSDT,ask,147,34856.0
2024-08-12 01:58:25,SOLUSDT,ask,147,35021.0
2024-08-12 01:58:25,SOLUSDT,ask,147,34847.0
2024-08-12 01:58:26,SOLUSDT,ask,147,34842.0
2024-08-12 01:58:27,SOLUSDT,ask,147,34804.0
2024-08-12 01:58:27,SOLUSDT,ask,147,34854.0
2024-08-12 01:58:27,SOLUSDT,ask,147,34859.0
2024-08-12 01:58:27,SOLUSDT,ask,147,34809.0
2024-08-12 01:58:27,SOLUSDT,ask,147,34859.0
2024-08-12 01:58:28,SOLUSDT,ask,147,34813.0
2024-08-12 01:58:29,SOLUSDT,ask,147,34795.0
2024-08-12 01:58:30,SOLUSDT,ask,147,34845.0
2024-08-12 01:58:30,SOLUSDT,ask,147,34844.0
2024-08-12 01:58:30,SOLUSDT,ask,147,34791.0
2024-08-12 01:58:30,SOLUSDT,ask,147,34791.0
2024-08-12 01:58:31,SOLUSDT,ask,147,34791.0
2024-08-12 01:58:31,SOLUSDT,ask,147,34789.0
2024-08-12 01:58:33,SOLUSDT,ask,147,34805.0
2024-08-12 01:58:33,SOLUSDT,ask,147,34839.0
2024-08-12 01:58:33,SOLUSDT,ask,147,34823.0
2024-08-12 01:58:39,SOLUSDT,ask,147,34822.0
2024-08-12 01:58:39,SOLUSDT,ask,147,34791.0
2024-08-12 01:58:39,SOLUSDT,ask,147,34791.0
2024-08-12 01:58:39,SOLUSDT,ask,147,34798.0
2024-08-12 01:58:39,SOLUSDT,ask,147,34789.0
2024-08-12 01:58:41,SOLUSDT,ask,147,34789.0
2024-08-12 01:58:42,SOLUSDT,ask,147,34792.0
2024-08-12 01:58:42,SOLUSDT,ask,147,34794.0
2024-08-12 01:58:43,SOLUSDT,ask,147,34791.0
2024-08-12 01:58:43,SOLUSDT,ask,147,34889.0
2024-08-12 01:58:43,SOLUSDT,ask,147,34939.0
2024-08-12 01:58:43,SOLUSDT,ask,147,34940.0
2024-08-12 01:58:44,SOLUSDT,ask,147,34940.0
2024-08-12 01:58:44,SOLUSDT,ask,147,34890.0
2024-08-12 01:58:46,SOLUSDT,ask,147,34793.0
2024-08-12 01:58:47,SOLUSDT,ask,147,34789.0
2024-08-12 01:58:48,SOLUSDT,ask,147,34791.0
2024-08-12 01:58:48,SOLUSDT,ask,147,34790.0
2024-08-12 01:58:49,SOLUSDT,ask,147,34802.0
2024-08-12 01:58:50,SOLUSDT,ask,147,34790.0
2024-08-12 01:58:50,SOLUSDT,ask,147,34789.0
2024-08-12 01:58:50,SOLUSDT,ask,147,34798.0
2024-08-12 01:58:51,SOLUSDT,ask,175,30645.0
2024-08-12 01:58:51,SOLUSDT,ask,176,29467.0
2024-08-12 01:58:51,SOLUSDT,ask,178,35283.0
2024-08-12 01:58:51,SOLUSDT,ask,147,34803.0
2024-08-12 01:58:52,SOLUSDT,ask,147,34797.0
2024-08-12 01:58:55,SOLUSDT,ask,147,34792.0
2024-08-12 01:58:55,SOLUSDT,ask,147,34798.0
2024-08-12 01:58:56,SOLUSDT,ask,147,34810.0
2024-08-12 01:58:57,SOLUSDT,ask,147,34798.0
2024-08-12 01:58:58,SOLUSDT,ask,147,34848.0
2024-08-12 01:58:59,SOLUSDT,ask,147,34848.0
2024-08-12 01:58:59,SOLUSDT,ask,147,34848.0
2024-08-12 01:58:59,SOLUSDT,ask,147,34798.0
2024-08-12 01:59:00,SOLUSDT,ask,147,34799.0
2024-08-12 01:59:00,SOLUSDT,ask,147,34798.0
2024-08-12 01:59:01,SOLUSDT,ask,147,34810.0
2024-08-12 01:59:01,SOLUSDT,ask,147,34798.0
2024-08-12 01:59:02,SOLUSDT,ask,147,34789.0
2024-08-12 01:59:03,SOLUSDT,ask,147,34788.0
2024-08-12 01:59:03,SOLUSDT,ask,147,34822.0
2024-08-12 01:59:03,SOLUSDT,ask,147,34789.0
2024-08-12 01:59:04,SOLUSDT,ask,147,34789.0
2024-08-12 01:59:06,SOLUSDT,ask,147,34789.0
2024-08-12 01:59:06,SOLUSDT,ask,147,34791.0
2024-08-12 01:59:06,SOLUSDT,ask,147,34791.0
2024-08-12 01:59:07,SOLUSDT,ask,147,34789.0
2024-08-12 01:59:09,SOLUSDT,ask,147,34828.0
2024-08-12 01:59:09,SOLUSDT,ask,147,34794.0
2024-08-12 01:59:09,SOLUSDT,ask,147,34793.0
2024-08-12 01:59:09,SOLUSDT,ask,147,34789.0
2024-08-12 01:59:10,SOLUSDT,ask,147,34841.0
2024-08-12 01:59:10,SOLUSDT,ask,147,34791.0
2024-08-12 01:59:11,SOLUSDT,ask,147,34841.0
2024-08-12 01:59:11,SOLUSDT,ask,147,34791.0
2024-08-12 01:59:12,SOLUSDT,ask,147,34794.0
2024-08-12 01:59:12,SOLUSDT,ask,147,34791.0
2024-08-12 01:59:12,SOLUSDT,ask,147,34796.0
2024-08-12 01:59:13,SOLUSDT,ask,147,34791.0
2024-08-12 01:59:13,SOLUSDT,ask,147,34796.0
2024-08-12 01:59:15,SOLUSDT,ask,147,34893.0
2024-08-12 01:59:16,SOLUSDT,ask,147,34886.0
2024-08-12 01:59:16,SOLUSDT,ask,147,34952.0
2024-08-12 01:59:17,SOLUSDT,ask,147,34956.0
2024-08-12 01:59:18,SOLUSDT,ask,147,34906.0
2024-08-12 01:59:18,SOLUSDT,ask,147,34890.0
2024-08-12 01:59:19,SOLUSDT,ask,147,34940.0
2024-08-12 01:59:19,SOLUSDT,ask,147,34890.0
2024-08-12 01:59:21,SOLUSDT,ask,147,34915.0
2024-08-12 01:59:21,SOLUSDT,ask,147,34920.0
2024-08-12 01:59:21,SOLUSDT,ask,147,34915.0
2024-08-12 01:59:22,SOLUSDT,ask,147,34965.0
2024-08-12 01:59:23,SOLUSDT,ask,147,34965.0
2024-08-12 01:59:23,SOLUSDT,ask,147,34915.0
2024-08-12 01:59:24,SOLUSDT,ask,147,34965.0
2024-08-12 01:59:24,SOLUSDT,ask,147,34868.0
2024-08-12 01:59:24,SOLUSDT,ask,147,34868.0
2024-08-12 01:59:25,SOLUSDT,ask,147,34869.0
2024-08-12 01:59:25,SOLUSDT,ask,147,35015.0
2024-08-12 01:59:25,SOLUSDT,ask,147,34965.0
2024-08-12 01:59:26,SOLUSDT,ask,147,34844.0
2024-08-12 01:59:26,SOLUSDT,ask,147,34852.0
2024-08-12 01:59:26,SOLUSDT,ask,147,34853.0
2024-08-12 01:59:27,SOLUSDT,ask,147,34819.0
2024-08-12 01:59:27,SOLUSDT,ask,147,34814.0
2024-08-12 01:59:29,SOLUSDT,ask,147,34848.0
2024-08-12 01:59:32,SOLUSDT,ask,147,34928.0
2024-08-12 01:59:32,SOLUSDT,ask,147,34962.0
2024-08-12 01:59:35,SOLUSDT,ask,147,34915.0
2024-08-12 01:59:35,SOLUSDT,ask,147,34916.0
2024-08-12 01:59:37,SOLUSDT,ask,147,34916.0
2024-08-12 01:59:38,SOLUSDT,ask,147,34915.0
2024-08-12 02:07:55,SOLUSDT,ask,147,34827.0
2024-08-12 02:07:55,SOLUSDT,ask,147,34827.0
2024-08-12 02:07:56,SOLUSDT,ask,147,34895.0
2024-08-12 02:07:58,SOLUSDT,ask,147,34828.0
2024-08-12 02:07:59,SOLUSDT,ask,147,34896.0
2024-08-12 02:08:00,SOLUSDT,ask,147,34828.0
2024-08-12 02:08:01,SOLUSDT,ask,147,34852.0
2024-08-12 02:08:08,SOLUSDT,ask,147,34830.0
2024-08-12 02:08:08,SOLUSDT,ask,147,34827.0
2024-08-12 02:08:08,SOLUSDT,ask,147,34834.0
2024-08-12 02:08:08,SOLUSDT,ask,147,34827.0
2024-08-12 02:08:09,SOLUSDT,ask,147,34841.0
2024-08-12 02:08:09,SOLUSDT,ask,147,34827.0
2024-08-12 02:08:12,SOLUSDT,ask,147,34827.0
2024-08-12 02:08:12,SOLUSDT,ask,147,34833.0
2024-08-12 02:08:12,SOLUSDT,ask,147,34833.0
2024-08-12 02:08:12,SOLUSDT,ask,147,34834.0
2024-08-12 02:08:13,SOLUSDT,ask,147,34840.0
2024-08-12 02:08:13,SOLUSDT,ask,147,34841.0
2024-08-12 02:08:15,SOLUSDT,ask,147,34958.0
2024-08-12 02:08:15,SOLUSDT,ask,147,34890.0
2024-08-12 02:08:15,SOLUSDT,ask,147,34890.0
2024-08-12 02:08:16,SOLUSDT,ask,147,34890.0
2024-08-12 02:08:17,SOLUSDT,ask,147,34827.0
2024-08-12 02:08:18,SOLUSDT,ask,147,34828.0
2024-08-12 02:08:19,SOLUSDT,ask,147,34827.0
2024-08-12 02:08:23,SOLUSDT,ask,147,34867.0
2024-08-12 02:08:23,SOLUSDT,ask,147,34874.0
2024-08-12 02:08:25,SOLUSDT,ask,147,34874.0
2024-08-12 02:08:28,SOLUSDT,ask,147,34834.0
2024-08-12 02:08:30,SOLUSDT,ask,147,34914.0
2024-08-12 02:08:30,SOLUSDT,ask,147,34834.0
2024-08-12 02:08:35,SOLUSDT,ask,147,34849.0
2024-08-12 02:08:35,SOLUSDT,ask,147,34830.0
2024-08-12 02:08:35,SOLUSDT,ask,147,34828.0
2024-08-12 02:08:35,SOLUSDT,ask,147,34830.0
2024-08-12 02:08:36,SOLUSDT,ask,147,34830.0
2024-08-12 02:08:37,SOLUSDT,ask,147,34828.0
2024-08-12 02:08:37,SOLUSDT,ask,147,34827.0
2024-08-12 02:08:39,SOLUSDT,ask,147,34830.0
2024-08-12 02:08:40,SOLUSDT,ask,147,34811.0
2024-08-12 02:08:43,SOLUSDT,ask,147,34812.0
2024-08-12 02:08:44,SOLUSDT,ask,147,34812.0
2024-08-12 02:08:47,SOLUSDT,ask,147,34862.0
2024-08-12 02:08:47,SOLUSDT,ask,147,34811.0
2024-08-12 02:09:01,SOLUSDT,ask,147,35012.0
2024-08-12 02:09:02,SOLUSDT,ask,147,34808.0
2024-08-12 02:09:08,SOLUSDT,ask,147,34854.0
2024-08-12 02:09:08,SOLUSDT,ask,147,34853.0
2024-08-12 02:09:31,SOLUSDT,ask,146,38226.0
2024-08-12 02:09:32,SOLUSDT,ask,146,38226.0
2024-08-12 02:09:32,SOLUSDT,ask,146,38274.0
2024-08-12 02:09:32,SOLUSDT,ask,146,38271.0
2024-08-12 02:09:42,SOLUSDT,ask,146,38260.0
2024-08-12 02:09:43,SOLUSDT,ask,146,38263.0
2024-08-12 02:09:43,SOLUSDT,ask,146,38295.0
2024-08-12 02:09:44,SOLUSDT,ask,146,38263.0
2024-08-12 02:09:44,SOLUSDT,ask,146,38262.0
2024-08-12 02:09:44,SOLUSDT,ask,146,38259.0
2024-08-12 02:09:46,SOLUSDT,ask,146,38322.0
2024-08-12 02:09:46,SOLUSDT,ask,146,38291.0
2024-08-12 02:09:46,SOLUSDT,ask,146,38259.0
2024-08-12 02:09:47,SOLUSDT,ask,146,38259.0
2024-08-12 02:09:47,SOLUSDT,ask,146,38261.0
2024-08-12 02:09:47,SOLUSDT,ask,146,38444.0
2024-08-12 02:09:48,SOLUSDT,ask,146,38394.0
2024-08-12 02:09:48,SOLUSDT,ask,146,38344.0
2024-08-12 02:09:48,SOLUSDT,ask,146,38444.0
2024-08-12 02:09:48,SOLUSDT,ask,146,38344.0
2024-08-12 02:09:48,SOLUSDT,ask,146,38344.0
2024-08-12 02:09:49,SOLUSDT,ask,146,38342.0
2024-08-12 02:09:49,SOLUSDT,ask,146,38339.0
2024-08-12 02:09:50,SOLUSDT,ask,146,38389.0
2024-08-12 02:09:50,SOLUSDT,ask,146,38396.0
2024-08-12 02:09:50,SOLUSDT,ask,146,38415.0
2024-08-12 02:09:51,SOLUSDT,ask,146,38347.0
2024-08-12 02:09:51,SOLUSDT,ask,146,38346.0
2024-08-12 02:09:51,SOLUSDT,ask,146,38351.0
2024-08-12 02:09:51,SOLUSDT,ask,146,38350.0
2024-08-12 02:09:51,SOLUSDT,ask,146,38345.0
2024-08-12 02:09:51,SOLUSDT,ask,146,38395.0
2024-08-12 02:09:52,SOLUSDT,ask,146,38409.0
2024-08-12 02:09:52,SOLUSDT,ask,146,38409.0
2024-08-12 02:09:53,SOLUSDT,ask,146,38359.0
2024-08-12 02:09:53,SOLUSDT,ask,146,38342.0
2024-08-12 02:09:53,SOLUSDT,ask,146,38300.0
2024-08-12 02:09:53,SOLUSDT,ask,146,38297.0
2024-08-12 02:09:53,SOLUSDT,ask,146,38210.0
2024-08-12 02:09:54,SOLUSDT,ask,146,38260.0
2024-08-12 02:09:54,SOLUSDT,ask,146,38260.0
2024-08-12 02:09:55,SOLUSDT,ask,146,38210.0
2024-08-12 02:09:55,SOLUSDT,ask,146,38260.0
2024-08-12 02:09:55,SOLUSDT,ask,146,38210.0
2024-08-12 02:09:55,SOLUSDT,ask,146,38260.0
2024-08-12 02:09:56,SOLUSDT,ask,146,38210.0
2024-08-12 02:09:57,SOLUSDT,ask,146,38260.0
2024-08-12 02:09:57,SOLUSDT,ask,146,38263.0
2024-08-12 02:09:57,SOLUSDT,ask,146,38263.0
2024-08-12 02:09:58,SOLUSDT,ask,146,38213.0
2024-08-12 02:09:58,SOLUSDT,ask,146,38263.0
2024-08-12 02:09:58,SOLUSDT,ask,146,38213.0
2024-08-12 02:09:58,SOLUSDT,ask,146,38263.0
2024-08-12 02:09:59,SOLUSDT,ask,146,38263.0
2024-08-12 02:09:59,SOLUSDT,ask,146,38263.0
2024-08-12 02:09:59,SOLUSDT,ask,146,38364.0
2024-08-12 02:10:00,SOLUSDT,ask,146,38311.0
2024-08-12 02:10:00,SOLUSDT,ask,146,38210.0
2024-08-12 02:10:00,SOLUSDT,ask,146,38244.0
2024-08-12 02:10:00,SOLUSDT,ask,146,38244.0
2024-08-12 02:10:00,SOLUSDT,ask,146,38248.0
2024-08-12 02:10:00,SOLUSDT,ask,146,38244.0
2024-08-12 02:10:01,SOLUSDT,ask,146,38244.0
2024-08-12 02:10:01,SOLUSDT,ask,146,38244.0
2024-08-12 02:10:02,SOLUSDT,ask,146,38210.0
2024-08-12 02:10:02,SOLUSDT,ask,146,38210.0
2024-08-12 02:10:02,SOLUSDT,ask,146,38210.0
2024-08-12 02:10:02,SOLUSDT,ask,146,38210.0
2024-08-12 02:10:04,SOLUSDT,ask,146,38210.0
2024-08-12 02:10:05,SOLUSDT,ask,146,38232.0
2024-08-12 02:10:06,SOLUSDT,ask,146,38178.0
2024-08-12 02:10:06,SOLUSDT,ask,146,38072.0
2024-08-12 02:10:07,SOLUSDT,ask,146,38073.0
2024-08-12 02:10:07,SOLUSDT,ask,146,38071.0
2024-08-12 02:10:07,SOLUSDT,ask,146,38069.0
2024-08-12 02:10:08,SOLUSDT,ask,146,38068.0
2024-08-12 02:10:08,SOLUSDT,ask,146,38067.0
2024-08-12 02:10:08,SOLUSDT,ask,146,38000.0
2024-08-12 02:10:08,SOLUSDT,ask,146,38006.0
2024-08-12 02:10:08,SOLUSDT,ask,146,37516.0
2024-08-12 02:10:08,SOLUSDT,ask,146,37512.0
2024-08-12 02:10:08,SOLUSDT,ask,146,37511.0
2024-08-12 02:10:08,SOLUSDT,ask,146,37095.0
2024-08-12 02:10:09,SOLUSDT,ask,146,37091.0
2024-08-12 02:10:09,SOLUSDT,ask,146,37023.0
2024-08-12 02:10:09,SOLUSDT,ask,146,37006.0
2024-08-12 02:10:09,SOLUSDT,ask,146,37007.0
2024-08-12 02:10:09,SOLUSDT,ask,146,37009.0
2024-08-12 02:10:10,SOLUSDT,ask,146,37005.0
2024-08-12 02:10:10,SOLUSDT,ask,146,36985.0
2024-08-12 02:10:10,SOLUSDT,ask,146,37032.0
2024-08-12 02:10:10,SOLUSDT,ask,146,37033.0
2024-08-12 02:10:10,SOLUSDT,ask,146,37034.0
2024-08-12 02:10:10,SOLUSDT,ask,146,37032.0
2024-08-12 02:10:10,SOLUSDT,ask,146,37023.0
2024-08-12 02:10:11,SOLUSDT,ask,146,37026.0
2024-08-12 02:10:11,SOLUSDT,ask,146,37025.0
2024-08-12 02:10:11,SOLUSDT,ask,146,37022.0
2024-08-12 02:10:11,SOLUSDT,ask,146,37044.0
2024-08-12 02:10:12,SOLUSDT,ask,146,37041.0
2024-08-12 02:10:12,SOLUSDT,ask,146,37039.0
2024-08-12 02:10:12,SOLUSDT,ask,146,37029.0
2024-08-12 02:10:13,SOLUSDT,ask,146,37019.0
2024-08-12 02:10:13,SOLUSDT,ask,146,37016.0
2024-08-12 02:10:15,SOLUSDT,ask,146,37016.0
2024-08-12 02:10:16,SOLUSDT,ask,146,37018.0
2024-08-12 02:10:16,SOLUSDT,ask,146,37019.0
2024-08-12 02:10:16,SOLUSDT,ask,146,37069.0
2024-08-12 02:10:17,SOLUSDT,ask,146,37019.0
2024-08-12 02:10:17,SOLUSDT,ask,146,37069.0
2024-08-12 02:10:17,SOLUSDT,ask,146,37069.0
2024-08-12 02:10:17,SOLUSDT,ask,146,37018.0
2024-08-12 02:10:17,SOLUSDT,ask,146,37068.0
2024-08-12 02:10:17,SOLUSDT,ask,146,37148.0
2024-08-12 02:10:17,SOLUSDT,ask,146,37098.0
2024-08-12 02:10:17,SOLUSDT,ask,146,37101.0
2024-08-12 02:10:17,SOLUSDT,ask,146,37148.0
2024-08-12 02:10:18,SOLUSDT,ask,146,37148.0
2024-08-12 02:10:18,SOLUSDT,ask,146,37098.0
2024-08-12 02:10:18,SOLUSDT,ask,146,37148.0
2024-08-12 02:10:18,SOLUSDT,ask,146,37098.0
2024-08-12 02:10:18,SOLUSDT,ask,146,37101.0
2024-08-12 02:10:19,SOLUSDT,ask,146,37151.0
2024-08-12 02:10:19,SOLUSDT,ask,146,37101.0
2024-08-12 02:10:19,SOLUSDT,ask,146,37101.0
2024-08-12 02:10:21,SOLUSDT,ask,146,37101.0
2024-08-12 02:10:21,SOLUSDT,ask,146,37101.0
2024-08-12 02:10:21,SOLUSDT,ask,146,37100.0
2024-08-12 02:10:21,SOLUSDT,ask,146,37100.0
2024-08-12 02:10:22,SOLUSDT,ask,146,37100.0
2024-08-12 02:10:23,SOLUSDT,ask,146,37020.0
2024-08-12 02:10:23,SOLUSDT,ask,146,37019.0
2024-08-12 02:10:23,SOLUSDT,ask,146,37028.0
2024-08-12 02:10:23,SOLUSDT,ask,146,37028.0
2024-08-12 02:10:23,SOLUSDT,ask,146,37033.0
2024-08-12 02:10:25,SOLUSDT,ask,146,37028.0
2024-08-12 02:10:25,SOLUSDT,ask,146,37128.0
2024-08-12 02:10:25,SOLUSDT,ask,146,37028.0
2024-08-12 02:10:25,SOLUSDT,ask,146,37069.0
2024-08-12 02:10:25,SOLUSDT,ask,146,37069.0
2024-08-12 02:10:25,SOLUSDT,ask,146,37028.0
2024-08-12 02:10:26,SOLUSDT,ask,146,37033.0
2024-08-12 02:10:26,SOLUSDT,ask,146,37135.0
2024-08-12 02:10:26,SOLUSDT,ask,146,37130.0
2024-08-12 02:10:26,SOLUSDT,ask,146,37028.0
2024-08-12 02:10:26,SOLUSDT,ask,146,37030.0
2024-08-12 02:10:27,SOLUSDT,ask,146,36980.0
2024-08-12 02:10:28,SOLUSDT,ask,146,36982.0
2024-08-12 02:10:29,SOLUSDT,ask,146,36980.0
2024-08-12 02:10:29,SOLUSDT,ask,146,36985.0
2024-08-12 02:10:29,SOLUSDT,ask,146,37028.0
2024-08-12 02:10:29,SOLUSDT,ask,146,36978.0
2024-08-12 02:10:31,SOLUSDT,ask,146,36988.0
2024-08-12 02:10:31,SOLUSDT,ask,146,36988.0
2024-08-12 02:10:31,SOLUSDT,ask,146,37160.0
2024-08-12 02:10:31,SOLUSDT,ask,146,37147.0
2024-08-12 02:10:32,SOLUSDT,ask,146,36966.0
2024-08-12 02:10:32,SOLUSDT,ask,146,37067.0
2024-08-12 02:10:33,SOLUSDT,ask,146,37067.0
2024-08-12 02:10:33,SOLUSDT,ask,146,37071.0
2024-08-12 02:10:34,SOLUSDT,ask,146,36970.0
2024-08-12 02:10:34,SOLUSDT,ask,146,36966.0
2024-08-12 02:10:34,SOLUSDT,ask,146,37070.0
2024-08-12 02:10:35,SOLUSDT,ask,146,36966.0
2024-08-12 02:10:36,SOLUSDT,ask,146,36966.0
2024-08-12 02:10:37,SOLUSDT,ask,146,36966.0
2024-08-12 02:10:37,SOLUSDT,ask,146,36976.0
2024-08-12 02:10:38,SOLUSDT,ask,146,36966.0
2024-08-12 02:10:38,SOLUSDT,ask,146,36966.0
2024-08-12 02:10:40,SOLUSDT,ask,146,36954.0
2024-08-12 02:10:40,SOLUSDT,ask,146,36976.0
2024-08-12 02:10:41,SOLUSDT,ask,146,36971.0
2024-08-12 02:10:41,SOLUSDT,ask,146,36954.0
2024-08-12 02:10:44,SOLUSDT,ask,146,36955.0
2024-08-12 02:10:44,SOLUSDT,ask,146,36954.0
2024-08-12 02:10:47,SOLUSDT,ask,146,36976.0
2024-08-12 02:10:47,SOLUSDT,ask,146,36954.0
2024-08-12 02:10:48,SOLUSDT,ask,146,36937.0
2024-08-12 02:10:48,SOLUSDT,ask,146,36961.0
2024-08-12 02:10:48,SOLUSDT,ask,146,36936.0
2024-08-12 02:10:48,SOLUSDT,ask,146,36936.0
2024-08-12 02:10:49,SOLUSDT,ask,146,36936.0
2024-08-12 02:10:49,SOLUSDT,ask,146,36939.0
2024-08-12 02:10:50,SOLUSDT,ask,146,36936.0
2024-08-12 02:10:50,SOLUSDT,ask,146,36986.0
2024-08-12 02:10:50,SOLUSDT,ask,146,36992.0
2024-08-12 02:10:50,SOLUSDT,ask,146,36987.0
2024-08-12 02:10:50,SOLUSDT,ask,146,36937.0
2024-08-12 02:10:51,SOLUSDT,ask,146,36936.0
2024-08-12 02:10:53,SOLUSDT,ask,146,36936.0
2024-08-12 02:10:55,SOLUSDT,ask,146,36936.0
2024-08-12 02:10:55,SOLUSDT,ask,146,36936.0
2024-08-12 02:10:55,SOLUSDT,ask,146,36936.0
2024-08-12 02:10:55,SOLUSDT,ask,146,36936.0
2024-08-12 02:10:55,SOLUSDT,ask,146,36936.0
2024-08-12 02:10:56,SOLUSDT,ask,146,36936.0
2024-08-12 02:10:56,SOLUSDT,ask,146,36936.0
2024-08-12 02:10:56,SOLUSDT,ask,146,36945.0
2024-08-12 02:10:56,SOLUSDT,ask,146,36936.0
2024-08-12 02:10:56,SOLUSDT,ask,146,37004.0
2024-08-12 02:10:57,SOLUSDT,ask,146,37007.0
2024-08-12 02:10:57,SOLUSDT,ask,146,37006.0
2024-08-12 02:10:57,SOLUSDT,ask,146,37004.0
2024-08-12 02:10:57,SOLUSDT,ask,146,37004.0
2024-08-12 02:10:57,SOLUSDT,ask,146,37007.0
2024-08-12 02:10:57,SOLUSDT,ask,146,37007.0
2024-08-12 02:10:58,SOLUSDT,ask,146,37004.0
2024-08-12 02:10:58,SOLUSDT,ask,146,37011.0
2024-08-12 02:10:58,SOLUSDT,ask,146,37008.0
2024-08-12 02:10:58,SOLUSDT,ask,146,37004.0
2024-08-12 02:10:58,SOLUSDT,ask,146,37004.0
2024-08-12 02:10:59,SOLUSDT,ask,146,36938.0
2024-08-12 02:10:59,SOLUSDT,ask,146,36936.0
2024-08-12 02:11:00,SOLUSDT,ask,146,36938.0
2024-08-12 02:11:01,SOLUSDT,ask,146,36936.0
2024-08-12 02:11:01,SOLUSDT,ask,146,36936.0
2024-08-12 02:11:01,SOLUSDT,ask,146,36958.0
2024-08-12 02:11:02,SOLUSDT,ask,146,36936.0
2024-08-12 02:11:02,SOLUSDT,ask,146,36953.0
2024-08-12 02:11:02,SOLUSDT,ask,146,36936.0
2024-08-12 02:11:03,SOLUSDT,ask,146,36924.0
2024-08-12 02:11:03,SOLUSDT,ask,146,36935.0
2024-08-12 02:11:03,SOLUSDT,ask,146,36934.0
2024-08-12 02:11:03,SOLUSDT,ask,146,36920.0
2024-08-12 02:11:03,SOLUSDT,ask,146,36915.0
2024-08-12 02:11:04,SOLUSDT,ask,146,36913.0
2024-08-12 02:11:04,SOLUSDT,ask,146,36905.0
2024-08-12 02:11:04,SOLUSDT,ask,146,36892.0
2024-08-12 02:11:04,SOLUSDT,ask,146,36882.0
2024-08-12 02:11:04,SOLUSDT,ask,146,36872.0
2024-08-12 02:11:05,SOLUSDT,ask,146,36869.0
2024-08-12 02:11:06,SOLUSDT,ask,146,36890.0
2024-08-12 02:11:06,SOLUSDT,ask,146,36874.0
2024-08-12 02:11:06,SOLUSDT,ask,146,36875.0
2024-08-12 02:11:07,SOLUSDT,ask,146,36869.0
2024-08-12 02:11:07,SOLUSDT,ask,146,36879.0
2024-08-12 02:11:07,SOLUSDT,ask,146,36863.0
2024-08-12 02:11:07,SOLUSDT,ask,146,36823.0
2024-08-12 02:11:07,SOLUSDT,ask,146,36824.0
2024-08-12 02:11:07,SOLUSDT,ask,146,36822.0
2024-08-12 02:11:07,SOLUSDT,ask,146,36820.0
2024-08-12 02:11:08,SOLUSDT,ask,146,35894.0
2024-08-12 02:11:08,SOLUSDT,ask,146,35893.0
2024-08-12 02:11:08,SOLUSDT,ask,146,35877.0
2024-08-12 02:11:08,SOLUSDT,ask,146,35874.0
2024-08-12 02:11:09,SOLUSDT,ask,146,35873.0
2024-08-12 02:11:09,SOLUSDT,ask,146,35865.0
2024-08-12 02:11:09,SOLUSDT,ask,146,35388.0
2024-08-12 02:11:09,SOLUSDT,ask,146,35388.0
2024-08-12 02:11:09,SOLUSDT,ask,146,35402.0
2024-08-12 02:11:10,SOLUSDT,ask,146,35324.0
2024-08-12 02:11:10,SOLUSDT,ask,146,35335.0
2024-08-12 02:11:10,SOLUSDT,ask,146,35334.0
2024-08-12 02:11:10,SOLUSDT,ask,146,35332.0
2024-08-12 02:11:10,SOLUSDT,ask,146,35331.0
2024-08-12 02:11:10,SOLUSDT,ask,146,35330.0
2024-08-12 02:11:11,SOLUSDT,ask,146,35322.0
2024-08-12 02:11:11,SOLUSDT,ask,146,35286.0
2024-08-12 02:11:11,SOLUSDT,ask,146,35298.0
2024-08-12 02:11:12,SOLUSDT,ask,146,35299.0
2024-08-12 02:11:12,SOLUSDT,ask,146,35298.0
2024-08-12 02:11:12,SOLUSDT,ask,146,35299.0
2024-08-12 02:11:12,SOLUSDT,ask,146,35297.0
2024-08-12 02:11:12,SOLUSDT,ask,146,35247.0
2024-08-12 02:11:12,SOLUSDT,ask,146,35230.0
2024-08-12 02:11:13,SOLUSDT,ask,146,35229.0
2024-08-12 02:11:13,SOLUSDT,ask,146,35224.0
2024-08-12 02:11:13,SOLUSDT,ask,146,35246.0
2024-08-12 02:11:13,SOLUSDT,ask,146,35260.0
2024-08-12 02:11:14,SOLUSDT,ask,146,35223.0
2024-08-12 02:11:14,SOLUSDT,ask,146,35257.0
2024-08-12 02:11:14,SOLUSDT,ask,146,35257.0
2024-08-12 02:11:14,SOLUSDT,ask,146,35291.0
2024-08-12 02:11:14,SOLUSDT,ask,146,35282.0
2024-08-12 02:11:14,SOLUSDT,ask,146,35248.0
2024-08-12 02:11:14,SOLUSDT,ask,146,35248.0
2024-08-12 02:11:14,SOLUSDT,ask,146,35249.0
2024-08-12 02:11:15,SOLUSDT,ask,146,35248.0
2024-08-12 02:11:16,SOLUSDT,ask,146,35251.0
2024-08-12 02:11:17,SOLUSDT,ask,146,35250.0
2024-08-12 02:11:17,SOLUSDT,ask,146,35218.0
2024-08-12 02:11:18,SOLUSDT,ask,146,35217.0
2024-08-12 02:11:19,SOLUSDT,ask,146,35216.0
2024-08-12 02:11:20,SOLUSDT,ask,175,30644.0
2024-08-12 02:11:20,SOLUSDT,ask,146,35206.0
2024-08-12 02:11:21,SOLUSDT,ask,146,35203.0
2024-08-12 02:11:22,SOLUSDT,ask,146,35195.0
2024-08-12 02:11:25,SOLUSDT,ask,146,35196.0
2024-08-12 02:11:50,SOLUSDT,ask,146,35197.0
2024-08-12 02:11:55,SOLUSDT,ask,146,35199.0
2024-08-12 02:11:57,SOLUSDT,ask,146,35199.0
2024-08-12 02:12:03,SOLUSDT,ask,146,35204.0
2024-08-12 02:12:03,SOLUSDT,ask,146,35208.0
2024-08-12 02:12:03,SOLUSDT,ask,146,35204.0
2024-08-12 02:12:05,SOLUSDT,ask,146,35213.0
2024-08-12 02:12:05,SOLUSDT,ask,146,35199.0
2024-08-12 02:12:05,SOLUSDT,ask,146,35196.0
2024-08-12 02:12:07,SOLUSDT,ask,146,35197.0
2024-08-12 02:12:08,SOLUSDT,ask,146,35202.0
2024-08-12 02:12:08,SOLUSDT,ask,146,35197.0
2024-08-12 02:12:10,SOLUSDT,ask,146,35197.0
2024-08-12 02:12:10,SOLUSDT,ask,146,35299.0
2024-08-12 02:12:11,SOLUSDT,ask,146,35297.0
2024-08-12 02:12:11,SOLUSDT,ask,146,35302.0
2024-08-12 02:12:13,SOLUSDT,ask,146,35372.0
2024-08-12 02:12:16,SOLUSDT,ask,146,35195.0
2024-08-12 02:12:17,SOLUSDT,ask,146,35202.0
2024-08-12 02:12:21,SOLUSDT,ask,146,35195.0
2024-08-12 02:12:24,SOLUSDT,ask,146,35196.0
2024-08-12 02:12:24,SOLUSDT,ask,146,35203.0
2024-08-12 02:12:24,SOLUSDT,ask,146,35196.0
2024-08-12 02:12:25,SOLUSDT,ask,146,35196.0
2024-08-12 02:12:26,SOLUSDT,ask,146,35197.0
2024-08-12 02:12:28,SOLUSDT,ask,146,35198.0
2024-08-12 02:12:36,SOLUSDT,ask,146,35299.0
2024-08-12 02:12:36,SOLUSDT,ask,146,35197.0
2024-08-12 02:17:30,SOLUSDT,ask,175,30642.0
2024-08-12 02:44:54,SOLUSDT,ask,175,30640.0
2024-08-12 02:59:42,SOLUSDT,bid,46,108760.0
2024-08-12 03:03:11,SOLUSDT,bid,46,108751.0
2024-08-12 03:20:47,SOLUSDT,ask,175,30603.0
2024-08-12 03:27:37,SOLUSDT,ask,178,35284.0
2024-08-12 03:51:54,SOLUSDT,ask,178,35283.0
2024-08-12 04:03:56,SOLUSDT,ask,175,30602.0
2024-08-12 04:17:34,SOLUSDT,ask,176,29460.0
2024-08-12 04:17:41,SOLUSDT,bid,139,50832.0
2024-08-12 04:17:59,SOLUSDT,ask,178,35283.0
2024-08-12 04:18:00,SOLUSDT,ask,148,61985.0
2024-08-12 04:45:29,SOLUSDT,ask,176,29463.0
2024-08-12 04:53:11,SOLUSDT,bid,139,50936.0
2024-08-12 04:57:03,SOLUSDT,ask,176,29470.0
2024-08-12 05:23:07,SOLUSDT,ask,176,29466.0
2024-08-12 05:24:33,SOLUSDT,bid,45,111420.0
2024-08-12 05:42:45,SOLUSDT,bid,45,111376.0
2024-08-12 06:01:49,SOLUSDT,ask,175,30592.0
2024-08-12 06:22:35,SOLUSDT,ask,175,30590.0
2024-08-12 06:30:58,SOLUSDT,ask,175,30586.0
2024-08-12 07:11:23,SOLUSDT,ask,175,30556.0
2024-08-12 07:17:37,SOLUSDT,ask,176,29460.0
2024-08-12 07:17:37,SOLUSDT,ask,178,35281.0
2024-08-12 08:01:32,SOLUSDT,bid,142,50433.0
2024-08-12 08:01:32,SOLUSDT,bid,142,50353.0
2024-08-12 08:01:32,SOLUSDT,bid,142,50388.0
2024-08-12 08:01:32,SOLUSDT,bid,142,50353.0
2024-08-12 08:01:37,SOLUSDT,bid,142,50458.0
2024-08-12 08:01:38,SOLUSDT,bid,142,50353.0
2024-08-12 08:01:41,SOLUSDT,bid,142,50424.0
2024-08-12 08:01:42,SOLUSDT,bid,142,50354.0
2024-08-12 08:01:44,SOLUSDT,bid,142,50353.0
2024-08-12 08:01:46,SOLUSDT,bid,142,50357.0
2024-08-12 08:01:47,SOLUSDT,bid,142,50353.0
2024-08-12 08:23:08,SOLUSDT,ask,176,29460.0
2024-08-12 08:23:39,SOLUSDT,ask,175,30550.0
2024-08-12 08:29:58,SOLUSDT,ask,175,30546.0
2024-08-12 08:45:42,SOLUSDT,ask,175,30547.0
2024-08-12 09:34:53,SOLUSDT,ask,175,30494.0
2024-08-12 09:45:38,SOLUSDT,bid,56,89294.0
2024-08-12 09:47:07,SOLUSDT,bid,56,89293.0
2024-08-12 10:23:54,SOLUSDT,ask,175,30495.0
2024-08-12 10:42:48,SOLUSDT,ask,175,30496.0
2024-08-12 10:53:38,SOLUSDT,ask,176,29456.0
2024-08-12 11:06:51,SOLUSDT,ask,175,30495.0
2024-08-12 12:47:31,SOLUSDT,ask,176,29095.0
2024-08-12 12:47:31,SOLUSDT,ask,178,34919.0
2024-08-12 12:48:28,SOLUSDT,ask,175,30495.0
2024-08-12 12:48:28,SOLUSDT,ask,176,29094.0
2024-08-12 12:48:28,SOLUSDT,ask,178,34918.0
2024-08-12 12:57:18,SOLUSDT,ask,175,30496.0
2024-08-12 12:58:01,SOLUSDT,ask,175,30466.0
2024-08-12 13:29:09,SOLUSDT,ask,175,30463.0
2024-08-12 14:27:54,SOLUSDT,ask,175,30400.0
2024-08-12 14:37:16,SOLUSDT,ask,176,28984.0
2024-08-12 14:38:57,SOLUSDT,ask,175,30401.0
2024-08-12 14:48:29,SOLUSDT,ask,178,34918.0
2024-08-12 15:08:51,SOLUSDT,bid,53,94406.0
2024-08-12 15:29:32,SOLUSDT,ask,178,34919.0
2024-08-12 15:43:19,SOLUSDT,ask,178,34944.0
2024-08-12 15:43:31,SOLUSDT,bid,125,40768.0
2024-08-12 15:45:30,SOLUSDT,bid,125,40775.0
2024-08-12 15:46:09,SOLUSDT,bid,125,40768.0
2024-08-12 15:46:25,SOLUSDT,bid,125,40776.0
2024-08-12 15:48:28,SOLUSDT,bid,125,40803.0
2024-08-12 15:51:43,SOLUSDT,bid,125,40807.0
2024-08-12 15:53:44,SOLUSDT,bid,125,40736.0
2024-08-12 16:02:38,SOLUSDT,bid,125,40735.0
2024-08-12 16:03:29,SOLUSDT,bid,125,40745.0
2024-08-12 16:08:38,SOLUSDT,bid,125,40718.0
2024-08-12 16:08:38,SOLUSDT,bid,125,40744.0
2024-08-12 16:09:47,SOLUSDT,bid,125,40746.0
2024-08-12 16:13:26,SOLUSDT,ask,175,30405.0
2024-08-12 16:25:09,SOLUSDT,bid,125,40720.0
2024-08-12 16:25:09,SOLUSDT,bid,125,40751.0
2024-08-12 16:27:15,SOLUSDT,bid,125,40750.0
2024-08-12 16:27:57,SOLUSDT,bid,125,40742.0
2024-08-12 16:33:56,SOLUSDT,bid,125,40710.0
2024-08-12 16:39:58,SOLUSDT,bid,125,40715.0
2024-08-12 16:42:31,SOLUSDT,bid,125,40716.0
2024-08-12 16:43:31,SOLUSDT,bid,125,40708.0
2024-08-12 16:44:30,SOLUSDT,bid,125,40735.0
2024-08-12 16:51:05,SOLUSDT,ask,144,61065.0
2024-08-12 16:51:05,SOLUSDT,ask,144,56855.0
2024-08-12 16:51:05,SOLUSDT,ask,144,56781.0
2024-08-12 16:51:05,SOLUSDT,ask,144,56780.0
2024-08-12 16:51:05,SOLUSDT,ask,144,56777.0
2024-08-12 16:51:05,SOLUSDT,ask,144,56827.0
2024-08-12 16:51:06,SOLUSDT,ask,144,56779.0
2024-08-12 16:51:06,SOLUSDT,ask,144,56791.0
2024-08-12 16:51:06,SOLUSDT,ask,144,56779.0
2024-08-12 16:51:06,SOLUSDT,ask,144,56985.0
2024-08-12 16:51:06,SOLUSDT,ask,144,56778.0
2024-08-12 16:51:06,SOLUSDT,ask,144,56777.0
2024-08-12 16:51:07,SOLUSDT,ask,144,56877.0
2024-08-12 16:51:07,SOLUSDT,ask,144,56777.0
2024-08-12 16:51:07,SOLUSDT,ask,144,56778.0
2024-08-12 16:51:07,SOLUSDT,ask,144,56777.0
2024-08-12 16:51:08,SOLUSDT,ask,144,56777.0
2024-08-12 16:51:08,SOLUSDT,ask,144,56877.0
2024-08-12 16:51:08,SOLUSDT,ask,144,75013.0
2024-08-12 16:51:09,SOLUSDT,ask,144,74913.0
2024-08-12 16:51:09,SOLUSDT,ask,144,74916.0
2024-08-12 16:51:09,SOLUSDT,ask,144,74913.0
2024-08-12 16:51:10,SOLUSDT,ask,144,75119.0
2024-08-12 16:51:10,SOLUSDT,ask,144,74918.0
2024-08-12 16:51:10,SOLUSDT,ask,144,74921.0
2024-08-12 16:51:10,SOLUSDT,ask,144,74922.0
2024-08-12 16:51:10,SOLUSDT,ask,144,74917.0
2024-08-12 16:51:10,SOLUSDT,ask,144,74920.0
2024-08-12 16:51:11,SOLUSDT,ask,144,74917.0
2024-08-12 16:51:11,SOLUSDT,ask,144,74914.0
2024-08-12 16:51:11,SOLUSDT,ask,144,74918.0
2024-08-12 16:51:11,SOLUSDT,ask,144,74913.0
2024-08-12 16:51:12,SOLUSDT,ask,144,74914.0
2024-08-12 16:51:13,SOLUSDT,ask,144,74955.0
2024-08-12 16:51:13,SOLUSDT,ask,144,75014.0
2024-08-12 16:51:14,SOLUSDT,ask,144,74913.0
2024-08-12 16:51:14,SOLUSDT,ask,144,75013.0
2024-08-12 16:51:14,SOLUSDT,ask,144,74913.0
2024-08-12 16:51:14,SOLUSDT,ask,144,75013.0
2024-08-12 16:51:14,SOLUSDT,ask,144,74913.0
2024-08-12 16:51:14,SOLUSDT,ask,144,74948.0
2024-08-12 16:51:14,SOLUSDT,ask,144,74949.0
2024-08-12 16:51:15,SOLUSDT,ask,144,74914.0
2024-08-12 16:51:18,SOLUSDT,ask,144,74994.0
2024-08-12 16:51:18,SOLUSDT,ask,144,74914.0
2024-08-12 16:51:19,SOLUSDT,ask,144,74954.0
2024-08-12 16:51:20,SOLUSDT,ask,144,74913.0
2024-08-12 16:51:30,SOLUSDT,ask,144,74913.0
2024-08-12 16:51:35,SOLUSDT,ask,144,74913.0
2024-08-12 16:51:36,SOLUSDT,ask,144,74928.0
2024-08-12 16:51:36,SOLUSDT,ask,144,74945.0
2024-08-12 16:51:37,SOLUSDT,ask,144,75101.0
2024-08-12 16:51:37,SOLUSDT,ask,144,75181.0
2024-08-12 16:51:37,SOLUSDT,ask,144,75101.0
2024-08-12 16:51:38,SOLUSDT,ask,144,74945.0
2024-08-12 16:51:38,SOLUSDT,ask,144,74931.0
2024-08-12 16:51:39,SOLUSDT,ask,144,74914.0
2024-08-12 16:51:39,SOLUSDT,ask,144,74913.0
2024-08-12 16:51:45,SOLUSDT,ask,144,74913.0
2024-08-12 16:51:46,SOLUSDT,ask,144,74923.0
2024-08-12 16:51:46,SOLUSDT,ask,144,74920.0
2024-08-12 16:51:47,SOLUSDT,ask,144,74913.0
2024-08-12 16:51:55,SOLUSDT,ask,144,74917.0
2024-08-12 16:51:57,SOLUSDT,ask,144,75109.0
2024-08-12 16:51:57,SOLUSDT,ask,144,75187.0
2024-08-12 16:51:58,SOLUSDT,ask,144,75343.0
2024-08-12 16:51:58,SOLUSDT,ask,144,75263.0
2024-08-12 16:51:59,SOLUSDT,ask,144,75107.0
2024-08-12 16:52:01,SOLUSDT,ask,144,75103.0
2024-08-12 16:52:03,SOLUSDT,ask,144,74913.0
2024-08-12 16:52:04,SOLUSDT,ask,144,74914.0
2024-08-12 16:52:05,SOLUSDT,ask,144,74917.0
2024-08-12 16:52:06,SOLUSDT,ask,144,74916.0
2024-08-12 16:52:08,SOLUSDT,ask,144,74913.0
2024-08-12 16:52:11,SOLUSDT,ask,144,74914.0
2024-08-12 16:52:11,SOLUSDT,ask,144,74966.0
2024-08-12 16:52:11,SOLUSDT,ask,144,74914.0
2024-08-12 16:52:11,SOLUSDT,ask,144,74913.0
2024-08-12 16:52:11,SOLUSDT,ask,144,74914.0
2024-08-12 16:52:11,SOLUSDT,ask,144,74915.0
2024-08-12 16:52:12,SOLUSDT,ask,144,74914.0
2024-08-12 16:52:13,SOLUSDT,ask,144,74913.0
2024-08-12 16:52:13,SOLUSDT,ask,144,74917.0
2024-08-12 16:52:15,SOLUSDT,ask,144,74997.0
2024-08-12 16:52:18,SOLUSDT,ask,144,74918.0
2024-08-12 16:52:18,SOLUSDT,ask,144,74917.0
2024-08-12 16:52:22,SOLUSDT,ask,144,74913.0
2024-08-12 16:52:25,SOLUSDT,ask,144,74947.0
2024-08-12 16:52:26,SOLUSDT,ask,144,74965.0
2024-08-12 16:52:27,SOLUSDT,ask,144,74966.0
2024-08-12 16:52:28,SOLUSDT,ask,144,74965.0
2024-08-12 16:52:28,SOLUSDT,bid,125,40730.0
2024-08-12 16:52:30,SOLUSDT,ask,144,74974.0
2024-08-12 16:52:30,SOLUSDT,ask,144,74960.0
2024-08-12 16:52:34,SOLUSDT,ask,144,75010.0
2024-08-12 16:52:35,SOLUSDT,ask,144,74960.0
2024-08-12 16:52:35,SOLUSDT,ask,144,75010.0
2024-08-12 16:52:36,SOLUSDT,ask,144,75010.0
2024-08-12 16:52:36,SOLUSDT,ask,144,74960.0
2024-08-12 16:52:38,SOLUSDT,ask,144,75010.0
2024-08-12 16:52:38,SOLUSDT,ask,144,74960.0
2024-08-12 16:52:39,SOLUSDT,ask,144,75010.0
2024-08-12 16:52:39,SOLUSDT,ask,144,74951.0
2024-08-12 16:52:39,SOLUSDT,ask,144,75051.0
2024-08-12 16:52:40,SOLUSDT,ask,144,74951.0
2024-08-12 16:52:41,SOLUSDT,ask,144,75001.0
2024-08-12 16:52:41,SOLUSDT,ask,144,75001.0
2024-08-12 16:52:42,SOLUSDT,ask,144,74951.0
2024-08-12 16:52:42,SOLUSDT,ask,144,75207.0
2024-08-12 16:52:42,SOLUSDT,ask,144,75001.0
2024-08-12 16:52:42,SOLUSDT,ask,144,74951.0
2024-08-12 16:52:43,SOLUSDT,ask,144,75001.0
2024-08-12 16:52:43,SOLUSDT,ask,144,74951.0
2024-08-12 16:52:44,SOLUSDT,ask,144,74951.0
2024-08-12 16:52:45,SOLUSDT,ask,144,74917.0
2024-08-12 16:52:46,SOLUSDT,ask,144,74913.0
2024-08-12 16:52:46,SOLUSDT,ask,144,74919.0
2024-08-12 16:52:47,SOLUSDT,ask,144,74939.0
2024-08-12 16:52:48,SOLUSDT,ask,144,74919.0
2024-08-12 16:52:49,SOLUSDT,ask,144,74913.0
2024-08-12 16:53:08,SOLUSDT,bid,125,40731.0
2024-08-12 16:53:39,SOLUSDT,ask,144,74915.0
2024-08-12 16:53:55,SOLUSDT,ask,144,74915.0
2024-08-12 16:54:05,SOLUSDT,ask,144,74942.0
2024-08-12 16:54:06,SOLUSDT,ask,144,74928.0
2024-08-12 16:54:07,SOLUSDT,ask,144,74915.0
2024-08-12 16:54:20,SOLUSDT,ask,144,74915.0
2024-08-12 16:54:23,SOLUSDT,ask,144,74916.0
2024-08-12 16:54:26,SOLUSDT,ask,144,74951.0
2024-08-12 16:54:26,SOLUSDT,bid,125,40727.0
2024-08-12 16:54:27,SOLUSDT,ask,144,74916.0
2024-08-12 16:54:27,SOLUSDT,ask,144,74956.0
2024-08-12 16:54:27,SOLUSDT,ask,144,74930.0
2024-08-12 16:54:30,SOLUSDT,ask,144,74915.0
2024-08-12 16:54:35,SOLUSDT,ask,144,74917.0
2024-08-12 16:54:40,SOLUSDT,ask,144,74915.0
2024-08-12 16:54:42,SOLUSDT,ask,144,74918.0
2024-08-12 16:54:42,SOLUSDT,ask,144,74915.0
2024-08-12 16:54:42,SOLUSDT,ask,144,74918.0
2024-08-12 16:54:43,SOLUSDT,ask,144,74921.0
2024-08-12 16:54:53,SOLUSDT,ask,144,74915.0
2024-08-12 16:54:53,SOLUSDT,ask,144,74965.0
2024-08-12 16:54:54,SOLUSDT,ask,144,74965.0
2024-08-12 16:54:54,SOLUSDT,ask,144,74915.0
2024-08-12 16:54:54,SOLUSDT,ask,144,74965.0
2024-08-12 16:54:55,SOLUSDT,ask,144,74915.0
2024-08-12 16:55:01,SOLUSDT,ask,144,74984.0
2024-08-12 16:55:01,SOLUSDT,ask,144,74915.0
2024-08-12 16:55:02,SOLUSDT,ask,144,75039.0
2024-08-12 16:55:02,SOLUSDT,ask,144,74915.0
2024-08-12 16:55:05,SOLUSDT,ask,144,74967.0
2024-08-12 16:55:06,SOLUSDT,ask,144,74915.0
2024-08-12 16:55:06,SOLUSDT,ask,144,74915.0
2024-08-12 16:55:08,SOLUSDT,ask,144,74916.0
2024-08-12 16:55:09,SOLUSDT,ask,144,74915.0
2024-08-12 16:55:13,SOLUSDT,ask,144,74967.0
2024-08-12 16:55:14,SOLUSDT,ask,144,75019.0
2024-08-12 16:55:17,SOLUSDT,ask,144,75033.0
2024-08-12 16:55:17,SOLUSDT,ask,144,74929.0
2024-08-12 16:55:19,SOLUSDT,ask,144,74929.0
2024-08-12 16:55:20,SOLUSDT,ask,144,74979.0
2024-08-12 16:55:20,SOLUSDT,ask,144,74929.0
2024-08-12 16:55:20,SOLUSDT,ask,144,74979.0
2024-08-12 16:55:21,SOLUSDT,ask,144,74929.0
2024-08-12 16:55:21,SOLUSDT,ask,144,74915.0
2024-08-12 16:55:21,SOLUSDT,ask,144,74916.0
2024-08-12 16:55:23,SOLUSDT,ask,144,74919.0
2024-08-12 16:55:23,SOLUSDT,ask,144,74918.0
2024-08-12 16:55:24,SOLUSDT,ask,144,74915.0
2024-08-12 16:55:25,SOLUSDT,ask,144,75294.0
2024-08-12 16:55:25,SOLUSDT,ask,144,75299.0
2024-08-12 16:55:25,SOLUSDT,ask,144,75349.0
2024-08-12 16:55:25,SOLUSDT,ask,144,75143.0
2024-08-12 16:55:25,SOLUSDT,ask,144,74970.0
2024-08-12 16:55:25,SOLUSDT,ask,144,74965.0
2024-08-12 16:55:25,SOLUSDT,ask,144,75121.0
2024-08-12 16:55:26,SOLUSDT,ask,144,75126.0
2024-08-12 16:55:26,SOLUSDT,ask,144,74950.0
2024-08-12 16:55:26,SOLUSDT,ask,144,74916.0
2024-08-12 16:55:28,SOLUSDT,ask,144,74915.0
2024-08-12 16:55:28,SOLUSDT,ask,144,74968.0
2024-08-12 16:55:28,SOLUSDT,ask,144,74967.0
2024-08-12 16:55:29,SOLUSDT,ask,144,74915.0
2024-08-12 16:55:29,SOLUSDT,ask,144,74965.0
2024-08-12 16:55:30,SOLUSDT,ask,144,74965.0
2024-08-12 16:55:30,SOLUSDT,ask,144,74967.0
2024-08-12 16:55:30,SOLUSDT,ask,144,74968.0
2024-08-12 16:55:30,SOLUSDT,ask,144,74969.0
2024-08-12 16:55:30,SOLUSDT,ask,144,74918.0
2024-08-12 16:55:30,SOLUSDT,ask,144,74917.0
2024-08-12 16:55:32,SOLUSDT,ask,144,74917.0
2024-08-12 16:55:32,SOLUSDT,ask,144,75017.0
2024-08-12 16:55:32,SOLUSDT,ask,144,75017.0
2024-08-12 16:55:32,SOLUSDT,ask,144,75017.0
2024-08-12 16:55:33,SOLUSDT,ask,144,74917.0
2024-08-12 16:55:33,SOLUSDT,ask,144,74915.0
2024-08-12 16:55:33,SOLUSDT,ask,144,75088.0
2024-08-12 16:55:34,SOLUSDT,ask,144,75138.0
2024-08-12 16:55:34,SOLUSDT,ask,144,74965.0
2024-08-12 16:55:34,SOLUSDT,ask,144,74917.0
2024-08-12 16:55:35,SOLUSDT,ask,144,74967.0
2024-08-12 16:55:35,SOLUSDT,ask,144,74967.0
2024-08-12 16:55:36,SOLUSDT,ask,144,74918.0
2024-08-12 16:55:36,SOLUSDT,ask,144,74967.0
2024-08-12 16:55:36,SOLUSDT,ask,144,74976.0
2024-08-12 16:55:36,SOLUSDT,ask,144,74976.0
2024-08-12 16:55:36,SOLUSDT,ask,144,74926.0
2024-08-12 16:55:36,SOLUSDT,ask,144,74976.0
2024-08-12 16:55:37,SOLUSDT,ask,144,74924.0
2024-08-12 16:55:37,SOLUSDT,ask,144,74924.0
2024-08-12 16:55:37,SOLUSDT,ask,144,74915.0
2024-08-12 16:55:39,SOLUSDT,ask,144,75295.0
2024-08-12 16:55:39,SOLUSDT,ask,144,74965.0
2024-08-12 16:55:39,SOLUSDT,ask,144,74970.0
2024-08-12 16:55:39,SOLUSDT,ask,144,74965.0
2024-08-12 16:55:39,SOLUSDT,ask,144,74965.0
2024-08-12 16:55:40,SOLUSDT,ask,144,74965.0
2024-08-12 16:55:40,SOLUSDT,ask,144,74915.0
2024-08-12 16:55:40,SOLUSDT,ask,144,74965.0
2024-08-12 16:55:41,SOLUSDT,ask,144,74915.0
2024-08-12 16:55:41,SOLUSDT,ask,144,74965.0
2024-08-12 16:55:41,SOLUSDT,ask,144,74915.0
2024-08-12 16:55:41,SOLUSDT,ask,144,74965.0
2024-08-12 16:55:42,SOLUSDT,ask,144,74915.0
2024-08-12 16:55:42,SOLUSDT,ask,144,74965.0
2024-08-12 16:55:43,SOLUSDT,ask,144,74915.0
2024-08-12 16:55:43,SOLUSDT,ask,144,74916.0
2024-08-12 16:55:43,SOLUSDT,ask,144,74915.0
2024-08-12 16:55:43,SOLUSDT,ask,144,74965.0
2024-08-12 16:55:44,SOLUSDT,ask,144,74915.0
2024-08-12 16:55:44,SOLUSDT,ask,144,74965.0
2024-08-12 16:55:44,SOLUSDT,ask,144,74965.0
2024-08-12 16:55:45,SOLUSDT,ask,144,74915.0
2024-08-12 16:55:45,SOLUSDT,ask,144,74965.0
2024-08-12 16:55:45,SOLUSDT,ask,144,74915.0
2024-08-12 16:55:45,SOLUSDT,ask,144,74924.0
2024-08-12 16:55:45,SOLUSDT,ask,144,75032.0
2024-08-12 16:55:46,SOLUSDT,ask,144,74982.0
2024-08-12 16:55:46,SOLUSDT,ask,144,75032.0
2024-08-12 16:55:47,SOLUSDT,ask,144,74982.0
2024-08-12 16:55:47,SOLUSDT,ask,144,75032.0
2024-08-12 16:55:48,SOLUSDT,ask,144,74982.0
2024-08-12 16:55:48,SOLUSDT,ask,144,74973.0
2024-08-12 16:55:49,SOLUSDT,ask,144,75023.0
2024-08-12 16:55:49,SOLUSDT,ask,144,74973.0
2024-08-12 16:55:49,SOLUSDT,ask,144,75053.0
2024-08-12 16:55:49,SOLUSDT,ask,144,75055.0
2024-08-12 16:55:50,SOLUSDT,ask,144,75105.0
2024-08-12 16:55:50,SOLUSDT,ask,144,75055.0
2024-08-12 16:55:51,SOLUSDT,ask,144,74738.0
2024-08-12 16:55:52,SOLUSDT,ask,144,74788.0
2024-08-12 16:55:52,SOLUSDT,ask,144,74788.0
2024-08-12 16:55:53,SOLUSDT,ask,144,74750.0
2024-08-12 16:55:53,SOLUSDT,ask,144,74738.0
2024-08-12 16:55:53,SOLUSDT,ask,144,74750.0
2024-08-12 16:55:54,SOLUSDT,ask,144,74800.0
2024-08-12 16:55:54,SOLUSDT,ask,144,74750.0
2024-08-12 16:55:56,SOLUSDT,ask,144,74800.0
2024-08-12 16:55:57,SOLUSDT,ask,144,74750.0
2024-08-12 16:55:57,SOLUSDT,ask,144,74738.0
2024-08-12 16:55:57,SOLUSDT,ask,144,74788.0
2024-08-12 16:55:57,SOLUSDT,ask,144,74658.0
2024-08-12 16:55:57,SOLUSDT,ask,144,74648.0
2024-08-12 16:55:57,SOLUSDT,ask,144,74627.0
2024-08-12 16:55:57,SOLUSDT,ask,144,74551.0
2024-08-12 16:55:57,SOLUSDT,ask,144,74534.0
2024-08-12 16:55:58,SOLUSDT,ask,144,74536.0
2024-08-12 16:55:58,SOLUSDT,ask,144,74547.0
2024-08-12 16:55:58,SOLUSDT,ask,144,74537.0
2024-08-12 16:55:58,SOLUSDT,ask,144,74542.0
2024-08-12 16:55:58,SOLUSDT,ask,144,74541.0
2024-08-12 16:55:59,SOLUSDT,ask,144,74534.0
2024-08-12 16:55:59,SOLUSDT,ask,144,74534.0
2024-08-12 16:55:59,SOLUSDT,ask,144,74533.0
2024-08-12 16:55:59,SOLUSDT,ask,144,74530.0
2024-08-12 16:55:59,SOLUSDT,ask,144,74550.0
2024-08-12 16:56:00,SOLUSDT,ask,144,74555.0
2024-08-12 16:56:00,SOLUSDT,ask,144,74555.0
2024-08-12 16:56:00,SOLUSDT,ask,144,74530.0
2024-08-12 16:56:01,SOLUSDT,ask,144,74533.0
2024-08-12 16:56:01,SOLUSDT,ask,144,74534.0
2024-08-12 16:56:02,SOLUSDT,ask,144,74534.0
2024-08-12 16:56:02,SOLUSDT,ask,144,74534.0
2024-08-12 16:56:03,SOLUSDT,ask,144,74531.0
2024-08-12 16:56:03,SOLUSDT,bid,125,40726.0
2024-08-12 16:56:03,SOLUSDT,ask,144,74534.0
2024-08-12 16:56:03,SOLUSDT,ask,144,74547.0
2024-08-12 16:56:03,SOLUSDT,ask,144,74534.0
2024-08-12 16:56:04,SOLUSDT,ask,144,74531.0
2024-08-12 16:56:04,SOLUSDT,ask,144,74531.0
2024-08-12 16:56:04,SOLUSDT,ask,144,74534.0
2024-08-12 16:56:04,SOLUSDT,ask,144,74531.0
2024-08-12 16:56:05,SOLUSDT,ask,144,74531.0
2024-08-12 16:56:05,SOLUSDT,ask,144,74534.0
2024-08-12 16:56:05,SOLUSDT,ask,144,74531.0
2024-08-12 16:56:05,SOLUSDT,ask,144,74534.0
2024-08-12 16:56:05,SOLUSDT,ask,144,74531.0
2024-08-12 16:56:05,SOLUSDT,ask,144,74534.0
2024-08-12 16:56:06,SOLUSDT,ask,144,74533.0
2024-08-12 16:56:06,SOLUSDT,ask,144,74538.0
2024-08-12 16:56:07,SOLUSDT,ask,144,74533.0
2024-08-12 16:56:07,SOLUSDT,ask,144,74538.0
2024-08-12 16:56:07,SOLUSDT,ask,144,74533.0
2024-08-12 16:56:07,SOLUSDT,ask,144,74538.0
2024-08-12 16:56:08,SOLUSDT,ask,144,74533.0
2024-08-12 16:56:08,SOLUSDT,ask,144,74533.0
2024-08-12 16:56:08,SOLUSDT,ask,144,74538.0
2024-08-12 16:56:09,SOLUSDT,ask,144,74533.0
2024-08-12 16:56:10,SOLUSDT,ask,144,74533.0
2024-08-12 16:56:10,SOLUSDT,ask,144,74538.0
2024-08-12 16:56:10,SOLUSDT,ask,144,74533.0
2024-08-12 16:56:10,SOLUSDT,ask,144,74530.0
2024-08-12 16:56:11,SOLUSDT,ask,144,74530.0
2024-08-12 16:56:11,SOLUSDT,ask,144,74533.0
2024-08-12 16:56:11,SOLUSDT,ask,144,74530.0
2024-08-12 16:56:11,SOLUSDT,ask,144,74533.0
2024-08-12 16:56:12,SOLUSDT,ask,144,74530.0
2024-08-12 16:56:12,SOLUSDT,ask,144,74533.0
2024-08-12 16:56:12,SOLUSDT,ask,144,74533.0
2024-08-12 16:56:12,SOLUSDT,ask,144,74530.0
2024-08-12 16:56:12,SOLUSDT,ask,144,74528.0
2024-08-12 16:56:12,SOLUSDT,ask,144,74524.0
2024-08-12 16:56:12,SOLUSDT,ask,144,74524.0
2024-08-12 16:56:13,SOLUSDT,ask,144,74525.0
2024-08-12 16:56:13,SOLUSDT,ask,144,74522.0
2024-08-12 16:56:13,SOLUSDT,ask,144,74521.0
2024-08-12 16:56:13,SOLUSDT,ask,144,74419.0
2024-08-12 16:56:14,SOLUSDT,ask,144,73907.0
2024-08-12 16:56:14,SOLUSDT,ask,144,72874.0
2024-08-12 16:56:14,SOLUSDT,ask,144,72873.0
2024-08-12 16:56:14,SOLUSDT,ask,144,72874.0
2024-08-12 16:56:14,SOLUSDT,ask,144,72877.0
2024-08-12 16:56:14,SOLUSDT,ask,144,72878.0
2024-08-12 16:56:15,SOLUSDT,ask,144,72877.0
2024-08-12 16:56:15,SOLUSDT,ask,144,73916.0
2024-08-12 16:56:15,SOLUSDT,ask,144,73915.0
2024-08-12 16:56:15,SOLUSDT,ask,144,73909.0
2024-08-12 16:56:16,SOLUSDT,ask,144,73906.0
2024-08-12 16:56:16,SOLUSDT,ask,144,73903.0
2024-08-12 16:56:16,SOLUSDT,ask,144,72605.0
2024-08-12 16:56:16,SOLUSDT,ask,144,72564.0
2024-08-12 16:56:16,SOLUSDT,ask,144,72572.0
2024-08-12 16:56:17,SOLUSDT,ask,144,72562.0
2024-08-12 16:56:19,SOLUSDT,ask,144,72558.0
2024-08-12 16:56:20,SOLUSDT,ask,144,72553.0
2024-08-12 16:56:20,SOLUSDT,ask,144,72550.0
2024-08-12 16:56:20,SOLUSDT,ask,144,72552.0
2024-08-12 16:56:20,SOLUSDT,ask,144,72552.0
2024-08-12 16:56:20,SOLUSDT,ask,144,72571.0
2024-08-12 16:56:20,SOLUSDT,ask,144,72549.0
2024-08-12 16:56:20,SOLUSDT,ask,144,72603.0
2024-08-12 16:56:20,SOLUSDT,ask,144,72546.0
2024-08-12 16:56:20,SOLUSDT,ask,144,72549.0
2024-08-12 16:56:21,SOLUSDT,ask,144,72546.0
2024-08-12 16:56:21,SOLUSDT,ask,144,72549.0
2024-08-12 16:56:21,SOLUSDT,ask,144,72546.0
2024-08-12 16:56:22,SOLUSDT,ask,144,72549.0
2024-08-12 16:56:22,SOLUSDT,ask,144,72546.0
2024-08-12 16:56:22,SOLUSDT,ask,144,72546.0
2024-08-12 16:56:22,SOLUSDT,ask,144,72546.0
2024-08-12 16:56:22,SOLUSDT,ask,144,72549.0
2024-08-12 16:56:22,SOLUSDT,ask,144,72546.0
2024-08-12 16:56:23,SOLUSDT,ask,144,72549.0
2024-08-12 16:56:23,SOLUSDT,ask,144,72549.0
2024-08-12 16:56:24,SOLUSDT,ask,144,72546.0
2024-08-12 16:56:24,SOLUSDT,ask,144,72549.0
2024-08-12 16:56:24,SOLUSDT,ask,144,72387.0
2024-08-12 16:56:24,SOLUSDT,ask,144,72393.0
2024-08-12 16:56:24,SOLUSDT,ask,144,72388.0
2024-08-12 16:56:24,SOLUSDT,ask,144,72385.0
2024-08-12 16:56:25,SOLUSDT,ask,144,72385.0
2024-08-12 16:56:25,SOLUSDT,ask,144,72380.0
2024-08-12 16:56:25,SOLUSDT,ask,144,72376.0
2024-08-12 16:56:25,SOLUSDT,ask,144,72378.0
2024-08-12 16:56:25,SOLUSDT,ask,144,71774.0
2024-08-12 16:56:25,SOLUSDT,ask,144,71772.0
2024-08-12 16:56:25,SOLUSDT,ask,144,71757.0
2024-08-12 16:56:25,SOLUSDT,ask,144,71757.0
2024-08-12 16:56:25,SOLUSDT,ask,144,71758.0
2024-08-12 16:56:25,SOLUSDT,ask,144,71744.0
2024-08-12 16:56:26,SOLUSDT,ask,144,71713.0
2024-08-12 16:56:26,SOLUSDT,ask,144,71740.0
2024-08-12 16:56:26,SOLUSDT,ask,144,71698.0
2024-08-12 16:56:26,SOLUSDT,ask,144,71689.0
2024-08-12 16:56:26,SOLUSDT,ask,144,71709.0
2024-08-12 16:56:26,SOLUSDT,ask,144,71702.0
2024-08-12 16:56:26,SOLUSDT,ask,144,71691.0
2024-08-12 16:56:26,SOLUSDT,ask,144,71686.0
2024-08-12 16:56:27,SOLUSDT,ask,144,71686.0
2024-08-12 16:56:27,SOLUSDT,ask,144,71689.0
2024-08-12 16:56:27,SOLUSDT,ask,144,71686.0
2024-08-12 16:56:27,SOLUSDT,ask,144,71682.0
2024-08-12 16:56:27,SOLUSDT,ask,144,71181.0
2024-08-12 16:56:27,SOLUSDT,ask,144,71162.0
2024-08-12 16:56:28,SOLUSDT,ask,144,71169.0
2024-08-12 16:56:28,SOLUSDT,ask,144,71168.0
2024-08-12 16:56:28,SOLUSDT,ask,144,71172.0
2024-08-12 16:56:28,SOLUSDT,ask,144,71161.0
2024-08-12 16:56:28,SOLUSDT,ask,144,71181.0
2024-08-12 16:56:28,SOLUSDT,ask,144,71181.0
2024-08-12 16:56:28,SOLUSDT,ask,144,71183.0
2024-08-12 16:56:29,SOLUSDT,ask,144,71177.0
2024-08-12 16:56:29,SOLUSDT,ask,144,71193.0
2024-08-12 16:56:29,SOLUSDT,ask,144,71213.0
2024-08-12 16:56:29,SOLUSDT,ask,144,71213.0
2024-08-12 16:56:29,SOLUSDT,ask,144,71235.0
2024-08-12 16:56:29,SOLUSDT,ask,144,71208.0
2024-08-12 16:56:30,SOLUSDT,ask,144,71183.0
2024-08-12 16:56:30,SOLUSDT,ask,144,71217.0
2024-08-12 16:56:30,SOLUSDT,ask,144,71223.0
2024-08-12 16:56:30,SOLUSDT,ask,144,71230.0
2024-08-12 16:56:30,SOLUSDT,ask,144,71180.0
2024-08-12 16:56:30,SOLUSDT,ask,144,71227.0
2024-08-12 16:56:30,SOLUSDT,ask,144,71167.0
2024-08-12 16:56:31,SOLUSDT,ask,144,71132.0
2024-08-12 16:56:31,SOLUSDT,ask,144,71132.0
2024-08-12 16:56:31,SOLUSDT,ask,144,71157.0
2024-08-12 16:56:31,SOLUSDT,ask,144,71146.0
2024-08-12 16:56:31,SOLUSDT,ask,144,71162.0
2024-08-12 16:56:31,SOLUSDT,ask,144,71171.0
2024-08-12 16:56:31,SOLUSDT,ask,144,71159.0
2024-08-12 16:56:31,SOLUSDT,ask,144,70445.0
2024-08-12 16:56:32,SOLUSDT,ask,144,70347.0
2024-08-12 16:56:32,SOLUSDT,ask,144,70344.0
2024-08-12 16:56:32,SOLUSDT,ask,144,70343.0
2024-08-12 16:56:32,SOLUSDT,ask,144,70343.0
2024-08-12 16:56:32,SOLUSDT,ask,144,70343.0
2024-08-12 16:56:32,SOLUSDT,ask,144,70382.0
2024-08-12 16:56:32,SOLUSDT,ask,144,70362.0
2024-08-12 16:56:33,SOLUSDT,ask,144,70367.0
2024-08-12 16:56:33,SOLUSDT,ask,144,70362.0
2024-08-12 16:56:33,SOLUSDT,ask,144,70362.0
2024-08-12 16:56:33,SOLUSDT,ask,144,70362.0
2024-08-12 16:56:33,SOLUSDT,ask,144,70359.0
2024-08-12 16:56:33,SOLUSDT,ask,144,70359.0
2024-08-12 16:56:33,SOLUSDT,ask,144,70358.0
2024-08-12 16:56:33,SOLUSDT,ask,144,70386.0
2024-08-12 16:56:33,SOLUSDT,ask,144,70357.0
2024-08-12 16:56:34,SOLUSDT,ask,144,70342.0
2024-08-12 16:56:34,SOLUSDT,ask,144,70296.0
2024-08-12 16:56:34,SOLUSDT,ask,144,70296.0
2024-08-12 16:56:35,SOLUSDT,ask,144,70262.0
2024-08-12 16:56:35,SOLUSDT,ask,144,70263.0
2024-08-12 16:56:35,SOLUSDT,ask,144,70256.0
2024-08-12 16:56:35,SOLUSDT,ask,144,70252.0
2024-08-12 16:56:35,SOLUSDT,ask,144,70285.0
2024-08-12 16:56:36,SOLUSDT,ask,144,70253.0
2024-08-12 16:56:36,SOLUSDT,ask,144,70250.0
2024-08-12 16:56:36,SOLUSDT,ask,144,70253.0
2024-08-12 16:56:36,SOLUSDT,ask,144,70268.0
2024-08-12 16:56:36,SOLUSDT,ask,144,70250.0
2024-08-12 16:56:36,SOLUSDT,ask,144,70251.0
2024-08-12 16:56:36,SOLUSDT,ask,144,70252.0
2024-08-12 16:56:36,SOLUSDT,ask,144,70256.0
2024-08-12 16:56:36,SOLUSDT,ask,144,70268.0
2024-08-12 16:56:36,SOLUSDT,ask,144,70253.0
2024-08-12 16:56:37,SOLUSDT,ask,144,70249.0
2024-08-12 16:56:38,SOLUSDT,ask,144,70265.0
2024-08-12 16:56:38,SOLUSDT,ask,144,70249.0
2024-08-12 16:56:38,SOLUSDT,ask,144,70250.0
2024-08-12 16:56:39,SOLUSDT,ask,144,70008.0
2024-08-12 16:56:39,SOLUSDT,ask,144,69882.0
2024-08-12 16:56:39,SOLUSDT,ask,144,69880.0
2024-08-12 16:56:39,SOLUSDT,ask,144,69882.0
2024-08-12 16:56:39,SOLUSDT,ask,144,69885.0
2024-08-12 16:56:39,SOLUSDT,ask,144,69882.0
2024-08-12 16:56:39,SOLUSDT,ask,144,69879.0
2024-08-12 16:56:39,SOLUSDT,ask,144,69893.0
2024-08-12 16:56:40,SOLUSDT,ask,144,69907.0
2024-08-12 16:56:40,SOLUSDT,ask,144,69918.0
2024-08-12 16:56:40,SOLUSDT,ask,144,69880.0
2024-08-12 16:56:40,SOLUSDT,ask,144,69877.0
2024-08-12 16:56:40,SOLUSDT,ask,144,69881.0
2024-08-12 16:56:40,SOLUSDT,ask,144,69361.0
2024-08-12 16:56:41,SOLUSDT,ask,144,69221.0
2024-08-12 16:56:41,SOLUSDT,ask,144,69221.0
2024-08-12 16:56:41,SOLUSDT,ask,144,69225.0
2024-08-12 16:56:41,SOLUSDT,ask,144,69223.0
2024-08-12 16:56:41,SOLUSDT,ask,144,69221.0
2024-08-12 16:56:41,SOLUSDT,ask,144,69190.0
2024-08-12 16:56:41,SOLUSDT,ask,144,69191.0
2024-08-12 16:56:42,SOLUSDT,ask,144,69181.0
2024-08-12 16:56:42,SOLUSDT,ask,144,69180.0
2024-08-12 16:56:42,SOLUSDT,ask,144,68860.0
2024-08-12 16:56:43,SOLUSDT,ask,144,68854.0
2024-08-12 16:56:43,SOLUSDT,ask,144,68842.0
2024-08-12 16:56:43,SOLUSDT,ask,144,67413.0
2024-08-12 16:56:43,SOLUSDT,ask,144,67302.0
2024-08-12 16:56:43,SOLUSDT,ask,144,67304.0
2024-08-12 16:56:43,SOLUSDT,ask,144,67301.0
2024-08-12 16:56:44,SOLUSDT,ask,144,67291.0
2024-08-12 16:56:44,SOLUSDT,ask,144,67292.0
2024-08-12 16:56:44,SOLUSDT,ask,144,67266.0
2024-08-12 16:56:44,SOLUSDT,ask,144,67276.0
2024-08-12 16:56:44,SOLUSDT,ask,144,67167.0
2024-08-12 16:56:45,SOLUSDT,ask,144,67158.0
2024-08-12 16:56:45,SOLUSDT,ask,144,67115.0
2024-08-12 16:56:45,SOLUSDT,ask,144,67044.0
2024-08-12 16:56:45,SOLUSDT,ask,144,67012.0
2024-08-12 16:56:46,SOLUSDT,ask,144,66986.0
2024-08-12 16:56:46,SOLUSDT,ask,144,66976.0
2024-08-12 16:56:46,SOLUSDT,ask,144,66976.0
2024-08-12 16:56:46,SOLUSDT,ask,144,66956.0
2024-08-12 16:56:47,SOLUSDT,ask,144,66881.0
2024-08-12 16:56:47,SOLUSDT,ask,144,66872.0
2024-08-12 16:56:47,SOLUSDT,ask,144,66872.0
2024-08-12 16:56:47,SOLUSDT,ask,144,66880.0
2024-08-12 16:56:47,SOLUSDT,ask,144,66872.0
2024-08-12 16:56:47,SOLUSDT,ask,144,66872.0
2024-08-12 16:56:48,SOLUSDT,ask,144,66867.0
2024-08-12 16:56:48,SOLUSDT,ask,144,66358.0
2024-08-12 16:56:48,SOLUSDT,ask,144,66221.0
2024-08-12 16:56:48,SOLUSDT,ask,144,66217.0
2024-08-12 16:56:48,SOLUSDT,ask,144,66218.0
2024-08-12 16:56:48,SOLUSDT,ask,144,66216.0
2024-08-12 16:56:49,SOLUSDT,ask,144,66211.0
2024-08-12 16:56:49,SOLUSDT,ask,144,66210.0
2024-08-12 16:56:49,SOLUSDT,ask,144,66237.0
2024-08-12 16:56:49,SOLUSDT,ask,144,66231.0
2024-08-12 16:56:49,SOLUSDT,ask,144,66230.0
2024-08-12 16:56:49,SOLUSDT,ask,144,66280.0
2024-08-12 16:56:49,SOLUSDT,ask,144,66230.0
2024-08-12 16:56:50,SOLUSDT,ask,144,66229.0
2024-08-12 16:56:50,SOLUSDT,ask,144,66213.0
2024-08-12 16:56:50,SOLUSDT,ask,144,66213.0
2024-08-12 16:56:51,SOLUSDT,ask,144,66228.0
2024-08-12 16:56:51,SOLUSDT,ask,144,66225.0
2024-08-12 16:56:51,SOLUSDT,ask,144,66214.0
2024-08-12 16:56:52,SOLUSDT,ask,144,66199.0
2024-08-12 16:56:52,SOLUSDT,ask,144,66372.0
2024-08-12 16:56:52,SOLUSDT,ask,144,66199.0
2024-08-12 16:56:52,SOLUSDT,ask,144,66249.0
2024-08-12 16:56:53,SOLUSDT,ask,144,66249.0
2024-08-12 16:56:53,SOLUSDT,ask,144,66249.0
2024-08-12 16:56:54,SOLUSDT,ask,144,66249.0
2024-08-12 16:56:54,SOLUSDT,ask,144,66199.0
2024-08-12 16:56:54,SOLUSDT,ask,144,66249.0
2024-08-12 16:56:55,SOLUSDT,ask,144,66199.0
2024-08-12 16:56:55,SOLUSDT,ask,144,66249.0
2024-08-12 16:56:55,SOLUSDT,ask,144,66199.0
2024-08-12 16:56:55,SOLUSDT,ask,144,66198.0
2024-08-12 16:56:55,SOLUSDT,ask,144,66371.0
2024-08-12 16:56:55,SOLUSDT,ask,144,66421.0
2024-08-12 16:56:56,SOLUSDT,ask,144,66248.0
2024-08-12 16:56:56,SOLUSDT,ask,144,66268.0
2024-08-12 16:56:56,SOLUSDT,ask,144,66218.0
2024-08-12 16:56:57,SOLUSDT,ask,144,66217.0
2024-08-12 16:56:58,SOLUSDT,ask,144,66241.0
2024-08-12 16:56:58,SOLUSDT,ask,144,66197.0
2024-08-12 16:57:00,SOLUSDT,ask,144,66198.0
2024-08-12 16:57:00,SOLUSDT,ask,144,66197.0
2024-08-12 16:57:01,SOLUSDT,ask,144,66183.0
2024-08-12 16:57:03,SOLUSDT,ask,144,66184.0
2024-08-12 16:57:03,SOLUSDT,ask,144,66187.0
2024-08-12 16:57:04,SOLUSDT,ask,144,66181.0
2024-08-12 16:57:04,SOLUSDT,ask,144,66212.0
2024-08-12 16:57:04,SOLUSDT,ask,144,66227.0
2024-08-12 16:57:05,SOLUSDT,ask,144,66177.0
2024-08-12 16:57:05,SOLUSDT,ask,144,66291.0
2024-08-12 16:57:05,SOLUSDT,ask,144,66464.0
2024-08-12 16:57:05,SOLUSDT,ask,144,66364.0
2024-08-12 16:57:05,SOLUSDT,ask,144,66191.0
2024-08-12 16:57:07,SOLUSDT,ask,144,66235.0
2024-08-12 16:57:07,SOLUSDT,ask,144,66184.0
2024-08-12 16:57:08,SOLUSDT,ask,144,66177.0
2024-08-12 16:57:10,SOLUSDT,ask,144,66227.0
2024-08-12 16:57:10,SOLUSDT,ask,144,66177.0
2024-08-12 16:57:10,SOLUSDT,ask,144,66227.0
2024-08-12 16:57:11,SOLUSDT,ask,144,66227.0
2024-08-12 16:57:11,SOLUSDT,ask,144,66227.0
2024-08-12 16:57:12,SOLUSDT,ask,144,66177.0
2024-08-12 16:57:12,SOLUSDT,ask,144,66227.0
2024-08-12 16:57:12,SOLUSDT,ask,144,66227.0
2024-08-12 16:57:13,SOLUSDT,ask,144,66177.0
2024-08-12 16:57:13,SOLUSDT,ask,144,66227.0
2024-08-12 16:57:13,SOLUSDT,ask,144,66177.0
2024-08-12 16:57:14,SOLUSDT,ask,144,66227.0
2024-08-12 16:57:15,SOLUSDT,ask,144,66177.0
2024-08-12 16:57:15,SOLUSDT,ask,144,66316.0
2024-08-12 16:57:15,SOLUSDT,ask,144,66177.0
2024-08-12 16:57:15,SOLUSDT,ask,144,66227.0
2024-08-12 16:57:15,SOLUSDT,ask,144,66211.0
2024-08-12 16:57:15,SOLUSDT,ask,144,66281.0
2024-08-12 16:57:17,SOLUSDT,ask,144,66287.0
2024-08-12 16:57:18,SOLUSDT,ask,144,66183.0
2024-08-12 16:57:18,SOLUSDT,ask,144,66235.0
2024-08-12 16:57:18,SOLUSDT,ask,144,66172.0
2024-08-12 16:57:18,SOLUSDT,ask,144,66175.0
2024-08-12 16:57:19,SOLUSDT,ask,144,66125.0
2024-08-12 16:57:19,SOLUSDT,ask,144,66088.0
2024-08-12 16:57:20,SOLUSDT,ask,144,66092.0
2024-08-12 16:57:20,SOLUSDT,ask,144,66296.0
2024-08-12 16:57:21,SOLUSDT,ask,144,66301.0
2024-08-12 16:57:21,SOLUSDT,ask,144,66351.0
2024-08-12 16:57:22,SOLUSDT,ask,144,66301.0
2024-08-12 16:57:22,SOLUSDT,ask,144,66299.0
2024-08-12 16:57:22,SOLUSDT,ask,144,66303.0
2024-08-12 16:57:23,SOLUSDT,ask,144,66138.0
2024-08-12 16:57:24,SOLUSDT,ask,144,66136.0
2024-08-12 16:57:24,SOLUSDT,ask,144,66086.0
2024-08-12 16:57:24,SOLUSDT,ask,144,66136.0
2024-08-12 16:57:24,SOLUSDT,ask,144,66136.0
2024-08-12 16:57:25,SOLUSDT,ask,144,66086.0
2024-08-12 16:57:25,SOLUSDT,ask,144,66136.0
2024-08-12 16:57:26,SOLUSDT,ask,144,66086.0
2024-08-12 16:57:26,SOLUSDT,ask,144,66136.0
2024-08-12 16:57:26,SOLUSDT,ask,144,66136.0
2024-08-12 16:57:26,SOLUSDT,ask,144,66087.0
2024-08-12 16:57:27,SOLUSDT,ask,144,66224.0
2024-08-12 16:57:27,SOLUSDT,ask,144,66224.0
2024-08-12 16:57:27,SOLUSDT,ask,144,66086.0
2024-08-12 16:57:29,SOLUSDT,ask,144,66224.0
2024-08-12 16:57:29,SOLUSDT,ask,144,66326.0
2024-08-12 16:57:29,SOLUSDT,ask,144,66279.0
2024-08-12 16:57:29,SOLUSDT,ask,144,66274.0
2024-08-12 16:57:30,SOLUSDT,ask,144,66224.0
2024-08-12 16:57:30,SOLUSDT,ask,144,66274.0
2024-08-12 16:57:31,SOLUSDT,ask,144,66224.0
2024-08-12 16:57:31,SOLUSDT,ask,144,66274.0
2024-08-12 16:57:31,SOLUSDT,ask,144,66274.0
2024-08-12 16:57:32,SOLUSDT,ask,144,66224.0
2024-08-12 16:57:32,SOLUSDT,ask,144,66274.0
2024-08-12 16:57:33,SOLUSDT,ask,144,66274.0
2024-08-12 16:57:33,SOLUSDT,ask,144,66480.0
2024-08-12 16:57:33,SOLUSDT,ask,144,66435.0
2024-08-12 16:57:33,SOLUSDT,ask,144,66485.0
2024-08-12 16:57:34,SOLUSDT,ask,144,66585.0
2024-08-12 16:57:34,SOLUSDT,ask,144,66585.0
2024-08-12 16:57:34,SOLUSDT,ask,144,66290.0
2024-08-12 16:57:34,SOLUSDT,ask,144,66190.0
2024-08-12 16:57:35,SOLUSDT,ask,144,66087.0
2024-08-12 16:57:35,SOLUSDT,ask,144,66093.0
2024-08-12 16:57:37,SOLUSDT,ask,144,66092.0
2024-08-12 16:57:38,SOLUSDT,ask,144,66127.0
2024-08-12 16:57:39,SOLUSDT,ask,144,66128.0
2024-08-12 16:57:39,SOLUSDT,ask,144,66299.0
2024-08-12 16:57:40,SOLUSDT,ask,144,66298.0
2024-08-12 16:57:40,SOLUSDT,ask,144,66312.0
2024-08-12 16:57:40,SOLUSDT,ask,144,66298.0
2024-08-12 16:57:40,SOLUSDT,ask,144,66297.0
2024-08-12 16:57:43,SOLUSDT,ask,144,66297.0
2024-08-12 16:57:43,SOLUSDT,ask,144,66089.0
2024-08-12 16:57:48,SOLUSDT,ask,144,66097.0
2024-08-12 16:57:48,SOLUSDT,ask,144,66083.0
2024-08-12 16:57:49,SOLUSDT,ask,144,66087.0
2024-08-12 16:57:49,SOLUSDT,ask,144,66144.0
2024-08-12 16:57:49,SOLUSDT,ask,144,66376.0
2024-08-12 16:57:49,SOLUSDT,ask,144,66481.0
2024-08-12 16:57:49,SOLUSDT,ask,144,66273.0
2024-08-12 16:57:50,SOLUSDT,ask,144,66239.0
2024-08-12 16:57:50,SOLUSDT,ask,144,66084.0
2024-08-12 16:57:50,SOLUSDT,ask,144,66083.0
2024-08-12 16:57:51,SOLUSDT,ask,144,66097.0
2024-08-12 16:57:52,SOLUSDT,ask,144,66177.0
2024-08-12 16:57:53,SOLUSDT,ask,144,66083.0
2024-08-12 16:57:54,SOLUSDT,ask,144,66083.0
2024-08-12 16:57:54,SOLUSDT,ask,144,66084.0
2024-08-12 16:57:54,SOLUSDT,ask,144,66134.0
2024-08-12 16:57:54,SOLUSDT,ask,144,66134.0
2024-08-12 16:57:54,SOLUSDT,ask,144,66134.0
2024-08-12 16:57:55,SOLUSDT,ask,144,66136.0
2024-08-12 16:57:55,SOLUSDT,ask,144,66086.0
2024-08-12 16:57:55,SOLUSDT,ask,144,66225.0
2024-08-12 16:57:55,SOLUSDT,ask,144,66086.0
2024-08-12 16:57:55,SOLUSDT,ask,144,66136.0
2024-08-12 16:57:56,SOLUSDT,ask,144,66135.0
2024-08-12 16:57:56,SOLUSDT,ask,144,66135.0
2024-08-12 16:57:57,SOLUSDT,ask,144,66135.0
2024-08-12 16:57:57,SOLUSDT,ask,144,66133.0
2024-08-12 16:57:57,SOLUSDT,ask,144,66133.0
2024-08-12 16:57:58,SOLUSDT,ask,144,66083.0
2024-08-12 16:57:58,SOLUSDT,ask,144,66133.0
2024-08-12 16:57:58,SOLUSDT,ask,144,66344.0
2024-08-12 16:57:58,SOLUSDT,ask,144,66133.0
2024-08-12 16:57:58,SOLUSDT,ask,144,66133.0
2024-08-12 16:57:59,SOLUSDT,ask,144,66083.0
2024-08-12 16:57:59,SOLUSDT,ask,144,66133.0
2024-08-12 16:57:59,SOLUSDT,ask,144,66133.0
2024-08-12 16:57:59,SOLUSDT,ask,144,66133.0
2024-08-12 16:58:00,SOLUSDT,ask,144,66306.0
2024-08-12 16:58:00,SOLUSDT,ask,144,66133.0
2024-08-12 16:58:00,SOLUSDT,ask,144,66083.0
2024-08-12 16:58:00,SOLUSDT,ask,144,66133.0
2024-08-12 16:58:01,SOLUSDT,ask,144,66083.0
2024-08-12 16:58:01,SOLUSDT,ask,144,66133.0
2024-08-12 16:58:01,SOLUSDT,ask,144,66083.0
2024-08-12 16:58:02,SOLUSDT,ask,144,66221.0
2024-08-12 16:58:02,SOLUSDT,ask,144,66083.0
2024-08-12 16:58:02,SOLUSDT,ask,144,66091.0
2024-08-12 16:58:02,SOLUSDT,ask,144,66141.0
2024-08-12 16:58:03,SOLUSDT,ask,144,66133.0
2024-08-12 16:58:03,SOLUSDT,ask,144,66133.0
2024-08-12 16:58:03,SOLUSDT,ask,144,66083.0
2024-08-12 16:58:03,SOLUSDT,ask,144,66090.0
2024-08-12 16:58:04,SOLUSDT,ask,144,66091.0
2024-08-12 16:58:04,SOLUSDT,ask,144,66090.0
2024-08-12 16:58:04,SOLUSDT,ask,144,66140.0
2024-08-12 16:58:04,SOLUSDT,ask,144,66140.0
2024-08-12 16:58:05,SOLUSDT,ask,144,66090.0
2024-08-12 16:58:05,SOLUSDT,ask,144,66140.0
2024-08-12 16:58:06,SOLUSDT,ask,144,66090.0
2024-08-12 16:58:07,SOLUSDT,ask,144,66091.0
2024-08-12 16:58:09,SOLUSDT,ask,144,66090.0
2024-08-12 16:58:16,SOLUSDT,ask,144,66091.0
2024-08-12 16:58:16,SOLUSDT,ask,144,66104.0
2024-08-12 16:58:16,SOLUSDT,ask,144,66154.0
2024-08-12 16:58:16,SOLUSDT,ask,144,66155.0
2024-08-12 16:58:17,SOLUSDT,ask,144,66105.0
2024-08-12 16:58:17,SOLUSDT,ask,144,66114.0
2024-08-12 16:58:17,SOLUSDT,ask,144,66163.0
2024-08-12 16:58:17,SOLUSDT,ask,144,66113.0
2024-08-12 16:58:18,SOLUSDT,ask,144,66163.0
2024-08-12 16:58:18,SOLUSDT,ask,144,66104.0
2024-08-12 16:58:18,SOLUSDT,ask,144,66140.0
2024-08-12 16:58:19,SOLUSDT,ask,144,66140.0
2024-08-12 16:58:19,SOLUSDT,ask,144,66090.0
2024-08-12 16:58:19,SOLUSDT,ask,144,66095.0
2024-08-12 16:58:20,SOLUSDT,ask,144,66195.0
2024-08-12 16:58:20,SOLUSDT,ask,144,66090.0
2024-08-12 16:58:21,SOLUSDT,ask,144,66140.0
2024-08-12 16:58:22,SOLUSDT,ask,144,66090.0
2024-08-12 16:58:22,SOLUSDT,ask,144,66091.0
2024-08-12 16:58:23,SOLUSDT,ask,144,66141.0
2024-08-12 16:58:23,SOLUSDT,ask,144,66091.0
2024-08-12 16:58:23,SOLUSDT,ask,144,66141.0
2024-08-12 16:58:23,SOLUSDT,ask,144,66091.0
2024-08-12 16:58:23,SOLUSDT,ask,144,66090.0
2024-08-12 16:58:24,SOLUSDT,ask,144,66140.0
2024-08-12 16:58:24,SOLUSDT,ask,144,66141.0
2024-08-12 16:58:24,SOLUSDT,ask,144,66141.0
2024-08-12 16:58:25,SOLUSDT,ask,144,66141.0
2024-08-12 16:58:25,SOLUSDT,ask,144,66140.0
2024-08-12 16:58:25,SOLUSDT,ask,144,66140.0
2024-08-12 16:58:25,SOLUSDT,ask,144,66090.0
2024-08-12 16:58:25,SOLUSDT,ask,144,66140.0
2024-08-12 16:58:26,SOLUSDT,ask,144,66090.0
2024-08-12 16:58:28,SOLUSDT,ask,144,66096.0
2024-08-12 16:58:28,SOLUSDT,ask,144,66091.0
2024-08-12 16:58:29,SOLUSDT,ask,144,66090.0
2024-08-12 16:58:29,SOLUSDT,ask,144,66090.0
2024-08-12 16:58:29,SOLUSDT,ask,144,66263.0
2024-08-12 16:58:30,SOLUSDT,ask,144,66263.0
2024-08-12 16:58:30,SOLUSDT,ask,144,66090.0
2024-08-12 16:58:30,SOLUSDT,ask,144,66093.0
2024-08-12 16:58:30,SOLUSDT,ask,144,66093.0
2024-08-12 16:58:30,SOLUSDT,ask,144,66090.0
2024-08-12 16:58:31,SOLUSDT,ask,144,66095.0
2024-08-12 16:58:31,SOLUSDT,ask,144,66268.0
2024-08-12 16:58:31,SOLUSDT,ask,144,66268.0
2024-08-12 16:58:32,SOLUSDT,ask,144,66268.0
2024-08-12 16:58:33,SOLUSDT,ask,144,66268.0
2024-08-12 16:58:33,SOLUSDT,ask,144,66268.0
2024-08-12 16:58:34,SOLUSDT,ask,144,66095.0
2024-08-12 16:58:34,SOLUSDT,ask,144,66145.0
2024-08-12 16:58:35,SOLUSDT,ask,144,66095.0
2024-08-12 16:58:35,SOLUSDT,ask,144,66090.0
2024-08-12 16:58:36,SOLUSDT,ask,144,66140.0
2024-08-12 16:58:37,SOLUSDT,ask,144,66140.0
2024-08-12 16:58:37,SOLUSDT,ask,144,66090.0
2024-08-12 16:58:38,SOLUSDT,ask,144,66140.0
2024-08-12 16:58:38,SOLUSDT,ask,144,66090.0
2024-08-12 16:58:38,SOLUSDT,ask,144,66104.0
2024-08-12 16:58:40,SOLUSDT,ask,144,66154.0
2024-08-12 16:58:40,SOLUSDT,ask,144,66104.0
2024-08-12 16:58:40,SOLUSDT,ask,144,66090.0
2024-08-12 16:58:41,SOLUSDT,ask,144,66140.0
2024-08-12 16:58:41,SOLUSDT,ask,144,66094.0
2024-08-12 16:58:42,SOLUSDT,ask,144,66144.0
2024-08-12 16:58:42,SOLUSDT,ask,144,66144.0
2024-08-12 16:58:43,SOLUSDT,ask,144,66144.0
2024-08-12 16:58:43,SOLUSDT,ask,144,66144.0
2024-08-12 16:58:44,SOLUSDT,ask,144,66144.0
2024-08-12 16:58:44,SOLUSDT,ask,144,66144.0
2024-08-12 16:58:44,SOLUSDT,ask,144,66140.0
2024-08-12 16:58:45,SOLUSDT,ask,144,66090.0
2024-08-12 16:58:46,SOLUSDT,ask,144,66091.0
2024-08-12 16:58:46,SOLUSDT,ask,144,66141.0
2024-08-12 16:58:46,SOLUSDT,ask,144,66141.0
2024-08-12 16:58:47,SOLUSDT,ask,144,66141.0
2024-08-12 16:58:48,SOLUSDT,ask,144,66141.0
2024-08-12 16:58:48,SOLUSDT,ask,144,66141.0
2024-08-12 16:58:48,SOLUSDT,ask,144,66090.0
2024-08-12 16:58:48,SOLUSDT,ask,144,66090.0
2024-08-12 16:58:55,SOLUSDT,ask,144,66090.0
2024-08-12 16:58:57,SOLUSDT,ask,144,66091.0
2024-08-12 16:59:00,SOLUSDT,ask,144,66126.0
2024-08-12 16:59:01,SOLUSDT,ask,144,66125.0
2024-08-12 16:59:05,SOLUSDT,ask,144,66090.0
2024-08-12 16:59:05,SOLUSDT,ask,144,66140.0
2024-08-12 16:59:05,SOLUSDT,bid,125,40730.0
2024-08-12 16:59:06,SOLUSDT,ask,144,66140.0
2024-08-12 16:59:06,SOLUSDT,ask,144,66192.0
2024-08-12 16:59:06,SOLUSDT,ask,144,66192.0
2024-08-12 16:59:06,SOLUSDT,ask,144,66207.0
2024-08-12 16:59:07,SOLUSDT,ask,144,66142.0
2024-08-12 16:59:07,SOLUSDT,ask,144,66200.0
2024-08-12 16:59:07,SOLUSDT,ask,144,66200.0
2024-08-12 16:59:07,SOLUSDT,ask,144,66150.0
2024-08-12 16:59:09,SOLUSDT,ask,144,66098.0
2024-08-12 16:59:09,SOLUSDT,ask,144,66148.0
2024-08-12 16:59:10,SOLUSDT,ask,144,66141.0
2024-08-12 16:59:10,SOLUSDT,ask,144,66091.0
2024-08-12 16:59:10,SOLUSDT,ask,144,66090.0
2024-08-12 16:59:10,SOLUSDT,ask,144,66090.0
2024-08-12 16:59:12,SOLUSDT,ask,144,66090.0
2024-08-12 16:59:15,SOLUSDT,ask,144,66096.0
2024-08-12 16:59:15,SOLUSDT,ask,144,66098.0
2024-08-12 16:59:16,SOLUSDT,ask,144,66100.0
2024-08-12 16:59:16,SOLUSDT,ask,144,66146.0
2024-08-12 16:59:17,SOLUSDT,ask,144,66096.0
2024-08-12 16:59:17,SOLUSDT,ask,144,66146.0
2024-08-12 16:59:18,SOLUSDT,ask,144,66146.0
2024-08-12 16:59:18,SOLUSDT,ask,144,66352.0
2024-08-12 16:59:18,SOLUSDT,ask,144,66387.0
2024-08-12 16:59:18,SOLUSDT,ask,144,66387.0
2024-08-12 16:59:19,SOLUSDT,ask,144,66387.0
2024-08-12 16:59:19,SOLUSDT,ask,144,66337.0
2024-08-12 16:59:19,SOLUSDT,ask,144,66387.0
2024-08-12 16:59:20,SOLUSDT,ask,144,66181.0
2024-08-12 16:59:20,SOLUSDT,ask,144,66131.0
2024-08-12 16:59:20,SOLUSDT,ask,144,66181.0
2024-08-12 16:59:21,SOLUSDT,ask,144,66181.0
2024-08-12 16:59:21,SOLUSDT,ask,144,66131.0
2024-08-12 16:59:21,SOLUSDT,ask,144,66181.0
2024-08-12 16:59:22,SOLUSDT,ask,144,66181.0
2024-08-12 16:59:22,SOLUSDT,ask,144,66387.0
2024-08-12 16:59:22,SOLUSDT,ask,144,66387.0
2024-08-12 16:59:23,SOLUSDT,ask,144,66387.0
2024-08-12 16:59:23,SOLUSDT,ask,144,66337.0
2024-08-12 16:59:23,SOLUSDT,ask,144,66387.0
2024-08-12 16:59:24,SOLUSDT,ask,144,66387.0
2024-08-12 16:59:24,SOLUSDT,ask,144,66136.0
2024-08-12 16:59:24,SOLUSDT,ask,144,66086.0
2024-08-12 16:59:24,SOLUSDT,ask,144,66121.0
2024-08-12 16:59:25,SOLUSDT,ask,144,66123.0
2024-08-12 16:59:27,SOLUSDT,ask,144,66086.0
2024-08-12 16:59:30,SOLUSDT,ask,144,66080.0
2024-08-12 16:59:38,SOLUSDT,ask,144,66100.0
2024-08-12 16:59:39,SOLUSDT,ask,144,66080.0
2024-08-12 16:59:41,SOLUSDT,ask,144,66081.0
2024-08-12 16:59:41,SOLUSDT,ask,144,66118.0
2024-08-12 16:59:42,SOLUSDT,ask,144,58739.0
2024-08-12 16:59:42,SOLUSDT,ask,144,58380.0
2024-08-12 16:59:45,SOLUSDT,ask,144,58430.0
2024-08-12 16:59:46,SOLUSDT,ask,144,58380.0
2024-08-12 16:59:46,SOLUSDT,ask,144,58430.0
2024-08-12 16:59:46,SOLUSDT,ask,144,58380.0
2024-08-12 16:59:46,SOLUSDT,ask,144,58352.0
2024-08-12 16:59:47,SOLUSDT,ask,144,58355.0
2024-08-12 16:59:47,SOLUSDT,ask,144,58355.0
2024-08-12 16:59:48,SOLUSDT,ask,144,58357.0
2024-08-12 16:59:48,SOLUSDT,ask,144,58417.0
2024-08-12 16:59:48,SOLUSDT,ask,144,58402.0
2024-08-12 16:59:48,SOLUSDT,ask,144,58403.0
2024-08-12 16:59:49,SOLUSDT,ask,144,58403.0
2024-08-12 16:59:49,SOLUSDT,ask,144,58541.0
2024-08-12 16:59:49,SOLUSDT,ask,144,58541.0
2024-08-12 16:59:50,SOLUSDT,ask,144,58491.0
2024-08-12 16:59:50,SOLUSDT,ask,144,58491.0
2024-08-12 16:59:50,SOLUSDT,ask,144,58490.0
2024-08-12 16:59:50,SOLUSDT,ask,144,58540.0
2024-08-12 16:59:50,SOLUSDT,ask,144,58599.0
2024-08-12 16:59:51,SOLUSDT,ask,144,58540.0
2024-08-12 16:59:51,SOLUSDT,ask,144,58490.0
2024-08-12 16:59:51,SOLUSDT,ask,144,58540.0
2024-08-12 16:59:51,SOLUSDT,ask,144,58490.0
2024-08-12 16:59:52,SOLUSDT,ask,144,58540.0
2024-08-12 16:59:52,SOLUSDT,ask,144,58540.0
2024-08-12 16:59:53,SOLUSDT,ask,144,58490.0
2024-08-12 16:59:53,SOLUSDT,ask,144,58533.0
2024-08-12 16:59:53,SOLUSDT,ask,144,58483.0
2024-08-12 16:59:53,SOLUSDT,ask,144,58533.0
2024-08-12 16:59:54,SOLUSDT,ask,144,58483.0
2024-08-12 16:59:54,SOLUSDT,ask,144,58533.0
2024-08-12 16:59:54,SOLUSDT,ask,144,58483.0
2024-08-12 16:59:54,SOLUSDT,ask,144,58533.0
2024-08-12 16:59:55,SOLUSDT,ask,144,58533.0
2024-08-12 16:59:55,SOLUSDT,ask,144,58496.0
2024-08-12 16:59:55,SOLUSDT,ask,144,58446.0
2024-08-12 16:59:55,SOLUSDT,ask,144,58496.0
2024-08-12 16:59:56,SOLUSDT,ask,144,58446.0
2024-08-12 16:59:56,SOLUSDT,ask,144,58496.0
2024-08-12 16:59:57,SOLUSDT,ask,144,58446.0
2024-08-12 16:59:57,SOLUSDT,ask,144,58496.0
2024-08-12 16:59:57,SOLUSDT,ask,144,58496.0
2024-08-12 16:59:58,SOLUSDT,ask,144,58496.0
2024-08-12 16:59:58,SOLUSDT,ask,144,58496.0
2024-08-12 16:59:59,SOLUSDT,ask,144,58446.0
2024-08-12 16:59:59,SOLUSDT,ask,144,58308.0
2024-08-12 16:59:59,SOLUSDT,ask,144,58309.0
2024-08-12 17:00:00,SOLUSDT,ask,144,58359.0
2024-08-12 17:00:00,SOLUSDT,ask,144,58359.0
2024-08-12 17:00:01,SOLUSDT,ask,144,58359.0
2024-08-12 17:00:01,SOLUSDT,ask,144,58358.0
2024-08-12 17:00:01,SOLUSDT,ask,144,58308.0
2024-08-12 17:00:02,SOLUSDT,ask,144,58408.0
2024-08-12 17:00:02,SOLUSDT,ask,144,58308.0
2024-08-12 17:00:02,SOLUSDT,ask,144,58343.0
2024-08-12 17:00:03,SOLUSDT,ask,144,58308.0
2024-08-12 17:00:03,SOLUSDT,ask,144,58343.0
2024-08-12 17:00:04,SOLUSDT,ask,144,58393.0
2024-08-12 17:00:04,SOLUSDT,ask,144,58343.0
2024-08-12 17:00:05,SOLUSDT,ask,144,58393.0
2024-08-12 17:00:05,SOLUSDT,ask,144,58384.0
2024-08-12 17:00:06,SOLUSDT,ask,144,58309.0
2024-08-12 17:00:06,SOLUSDT,ask,144,58308.0
2024-08-12 17:00:07,SOLUSDT,ask,144,58334.0
2024-08-12 17:00:07,SOLUSDT,ask,144,58384.0
2024-08-12 17:00:07,SOLUSDT,ask,144,58334.0
2024-08-12 17:00:08,SOLUSDT,ask,144,58384.0
2024-08-12 17:00:08,SOLUSDT,ask,144,58334.0
2024-08-12 17:00:09,SOLUSDT,ask,144,58384.0
2024-08-12 17:00:09,SOLUSDT,ask,144,58384.0
2024-08-12 17:00:09,SOLUSDT,ask,144,58334.0
2024-08-12 17:00:09,SOLUSDT,ask,144,58308.0
2024-08-12 17:00:09,SOLUSDT,ask,144,58384.0
2024-08-12 17:00:10,SOLUSDT,ask,144,58334.0
2024-08-12 17:00:10,SOLUSDT,ask,144,58384.0
2024-08-12 17:00:10,SOLUSDT,ask,144,58384.0
2024-08-12 17:00:10,SOLUSDT,ask,144,58484.0
2024-08-12 17:00:11,SOLUSDT,ask,144,58484.0
2024-08-12 17:00:11,SOLUSDT,ask,144,58384.0
2024-08-12 17:00:11,SOLUSDT,ask,144,58334.0
2024-08-12 17:00:12,SOLUSDT,ask,144,58384.0
2024-08-12 17:00:12,SOLUSDT,ask,144,58334.0
2024-08-12 17:00:15,SOLUSDT,ask,144,58308.0
2024-08-12 17:00:17,SOLUSDT,ask,144,58328.0
2024-08-12 17:00:20,SOLUSDT,ask,144,58308.0
2024-08-12 17:00:20,SOLUSDT,ask,144,58308.0
2024-08-12 17:00:21,SOLUSDT,ask,144,58358.0
2024-08-12 17:00:21,SOLUSDT,ask,144,58358.0
2024-08-12 17:00:21,SOLUSDT,ask,144,58308.0
2024-08-12 17:00:21,SOLUSDT,ask,144,58313.0
2024-08-12 17:00:22,SOLUSDT,ask,144,58308.0
2024-08-12 17:00:23,SOLUSDT,ask,144,58313.0
2024-08-12 17:00:23,SOLUSDT,ask,144,58308.0
2024-08-12 17:00:24,SOLUSDT,ask,144,58316.0
2024-08-12 17:00:24,SOLUSDT,ask,144,58308.0
2024-08-12 17:00:27,SOLUSDT,ask,144,58212.0
2024-08-12 17:00:27,SOLUSDT,ask,144,58281.0
2024-08-12 17:00:27,SOLUSDT,ask,144,58321.0
2024-08-12 17:00:27,SOLUSDT,ask,144,58316.0
2024-08-12 17:00:27,SOLUSDT,ask,144,58309.0
2024-08-12 17:00:27,SOLUSDT,ask,144,58305.0
2024-08-12 17:00:28,SOLUSDT,ask,144,58295.0
2024-08-12 17:00:28,SOLUSDT,ask,144,58211.0
2024-08-12 17:00:29,SOLUSDT,ask,144,58216.0
2024-08-12 17:00:29,SOLUSDT,ask,144,58211.0
2024-08-12 17:00:29,SOLUSDT,ask,144,58201.0
2024-08-12 17:00:29,SOLUSDT,ask,144,58251.0
2024-08-12 17:00:29,SOLUSDT,ask,144,58201.0
2024-08-12 17:00:30,SOLUSDT,ask,144,58203.0
2024-08-12 17:00:30,SOLUSDT,ask,144,58208.0
2024-08-12 17:00:30,SOLUSDT,ask,144,58200.0
2024-08-12 17:00:30,SOLUSDT,ask,144,58263.0
2024-08-12 17:00:31,SOLUSDT,ask,144,58251.0
2024-08-12 17:00:31,SOLUSDT,ask,144,58264.0
2024-08-12 17:00:31,SOLUSDT,ask,144,58263.0
2024-08-12 17:00:31,SOLUSDT,ask,144,58207.0
2024-08-12 17:00:31,SOLUSDT,ask,144,58246.0
2024-08-12 17:00:32,SOLUSDT,ask,144,58136.0
2024-08-12 17:00:32,SOLUSDT,ask,144,58236.0
2024-08-12 17:00:32,SOLUSDT,ask,144,58145.0
2024-08-12 17:00:32,SOLUSDT,ask,144,58150.0
2024-08-12 17:00:32,SOLUSDT,ask,144,58145.0
2024-08-12 17:00:33,SOLUSDT,ask,144,58145.0
2024-08-12 17:00:33,SOLUSDT,ask,144,58135.0
2024-08-12 17:00:33,SOLUSDT,ask,144,47423.0
2024-08-12 17:00:33,SOLUSDT,ask,144,47390.0
2024-08-12 17:00:33,SOLUSDT,ask,144,47368.0
2024-08-12 17:00:34,SOLUSDT,ask,144,47387.0
2024-08-12 17:00:34,SOLUSDT,ask,144,47367.0
2024-08-12 17:00:34,SOLUSDT,ask,144,47366.0
2024-08-12 17:00:36,SOLUSDT,ask,144,47416.0
2024-08-12 17:00:36,SOLUSDT,ask,144,47516.0
2024-08-12 17:00:37,SOLUSDT,ask,144,47516.0
2024-08-12 17:00:37,SOLUSDT,ask,144,47516.0
2024-08-12 17:00:37,SOLUSDT,ask,144,47366.0
2024-08-12 17:00:39,SOLUSDT,ask,144,47416.0
2024-08-12 17:00:40,SOLUSDT,ask,144,47416.0
2024-08-12 17:00:40,SOLUSDT,ask,144,47416.0
2024-08-12 17:00:41,SOLUSDT,ask,144,47416.0
2024-08-12 17:00:42,SOLUSDT,ask,144,47366.0
2024-08-12 17:00:42,SOLUSDT,ask,144,47416.0
2024-08-12 17:00:42,SOLUSDT,ask,144,47366.0
2024-08-12 17:00:42,SOLUSDT,ask,144,47416.0
2024-08-12 17:00:43,SOLUSDT,ask,144,47416.0
2024-08-12 17:00:43,SOLUSDT,ask,144,47366.0
2024-08-12 17:00:45,SOLUSDT,ask,144,47368.0
2024-08-12 17:00:45,SOLUSDT,ask,144,47393.0
2024-08-12 17:00:45,SOLUSDT,ask,144,47366.0
2024-08-12 17:00:45,SOLUSDT,ask,144,47393.0
2024-08-12 17:00:45,SOLUSDT,ask,144,47366.0
2024-08-12 17:00:45,SOLUSDT,ask,144,47366.0
2024-08-12 17:00:46,SOLUSDT,ask,144,47377.0
2024-08-12 17:00:46,SOLUSDT,ask,144,47427.0
2024-08-12 17:00:46,SOLUSDT,ask,144,47377.0
2024-08-12 17:00:50,SOLUSDT,ask,144,47377.0
2024-08-12 17:00:50,SOLUSDT,ask,144,47427.0
2024-08-12 17:00:50,SOLUSDT,ask,144,47377.0
2024-08-12 17:00:51,SOLUSDT,ask,144,47401.0
2024-08-12 17:00:52,SOLUSDT,ask,144,47377.0
2024-08-12 17:00:52,SOLUSDT,ask,144,47427.0
2024-08-12 17:00:52,SOLUSDT,ask,144,47436.0
2024-08-12 17:00:53,SOLUSDT,ask,144,47574.0
2024-08-12 17:00:53,SOLUSDT,ask,144,47384.0
2024-08-12 17:00:54,SOLUSDT,ask,144,47380.0
2024-08-12 17:00:54,SOLUSDT,ask,144,47377.0
2024-08-12 17:00:55,SOLUSDT,ask,144,47481.0
2024-08-12 17:00:56,SOLUSDT,ask,144,47481.0
2024-08-12 17:00:57,SOLUSDT,ask,144,47531.0
2024-08-12 17:00:58,SOLUSDT,ask,144,47427.0
2024-08-12 17:00:58,SOLUSDT,ask,144,47377.0
2024-08-12 17:00:58,SOLUSDT,ask,144,47427.0
2024-08-12 17:00:59,SOLUSDT,ask,144,47377.0
2024-08-12 17:00:59,SOLUSDT,ask,144,47432.0
2024-08-12 17:00:59,SOLUSDT,ask,144,47427.0
2024-08-12 17:01:00,SOLUSDT,ask,144,47377.0
2024-08-12 17:01:00,SOLUSDT,ask,144,47377.0
2024-08-12 17:01:00,SOLUSDT,ask,144,47427.0
2024-08-12 17:01:01,SOLUSDT,ask,144,47377.0
2024-08-12 17:01:01,SOLUSDT,ask,144,47427.0
2024-08-12 17:01:01,SOLUSDT,ask,144,47427.0
2024-08-12 17:01:01,SOLUSDT,ask,144,47427.0
2024-08-12 17:01:02,SOLUSDT,ask,144,47377.0
2024-08-12 17:01:02,SOLUSDT,ask,144,47427.0
2024-08-12 17:01:02,SOLUSDT,ask,144,47600.0
2024-08-12 17:01:02,SOLUSDT,ask,144,47377.0
2024-08-12 17:01:04,SOLUSDT,ask,144,47377.0
2024-08-12 17:01:04,SOLUSDT,ask,144,47380.0
2024-08-12 17:01:04,SOLUSDT,ask,144,47378.0
2024-08-12 17:01:05,SOLUSDT,ask,144,47477.0
2024-08-12 17:01:05,SOLUSDT,ask,144,47378.0
2024-08-12 17:01:06,SOLUSDT,ask,144,47499.0
2024-08-12 17:01:09,SOLUSDT,ask,144,47378.0
2024-08-12 17:01:10,SOLUSDT,ask,144,47379.0
2024-08-12 17:01:10,SOLUSDT,ask,144,47383.0
2024-08-12 17:01:10,SOLUSDT,ask,144,47556.0
2024-08-12 17:01:10,SOLUSDT,ask,144,47383.0
2024-08-12 17:01:11,SOLUSDT,ask,144,47386.0
2024-08-12 17:01:11,SOLUSDT,ask,144,47379.0
2024-08-12 17:01:13,SOLUSDT,ask,144,47386.0
2024-08-12 17:01:16,SOLUSDT,ask,144,47383.0
2024-08-12 17:01:16,SOLUSDT,ask,144,47483.0
2024-08-12 17:01:16,SOLUSDT,ask,144,47481.0
2024-08-12 17:01:16,SOLUSDT,ask,144,47381.0
2024-08-12 17:01:16,SOLUSDT,ask,144,47379.0
2024-08-12 17:01:16,SOLUSDT,ask,144,47429.0
2024-08-12 17:01:16,SOLUSDT,ask,144,47635.0
2024-08-12 17:01:17,SOLUSDT,ask,144,47735.0
2024-08-12 17:01:17,SOLUSDT,ask,144,47529.0
2024-08-12 17:01:17,SOLUSDT,ask,144,47379.0
2024-08-12 17:01:17,SOLUSDT,ask,144,47378.0
2024-08-12 17:01:18,SOLUSDT,ask,144,47385.0
2024-08-12 17:01:21,SOLUSDT,ask,144,47378.0
2024-08-12 17:01:31,SOLUSDT,ask,144,47359.0
2024-08-12 17:01:55,SOLUSDT,ask,144,47357.0
2024-08-12 17:02:01,SOLUSDT,ask,144,48860.0
2024-08-12 17:02:01,SOLUSDT,ask,144,47357.0
2024-08-12 17:02:03,SOLUSDT,ask,144,48890.0
2024-08-12 17:02:03,SOLUSDT,ask,144,47357.0
2024-08-12 17:02:18,SOLUSDT,ask,144,47471.0
2024-08-12 17:02:19,SOLUSDT,ask,144,47811.0
2024-08-12 17:02:22,SOLUSDT,ask,144,48974.0
2024-08-12 17:02:22,SOLUSDT,ask,144,47754.0
2024-08-12 17:02:26,SOLUSDT,ask,144,48970.0
2024-08-12 17:02:26,SOLUSDT,ask,144,47754.0
2024-08-12 17:02:34,SOLUSDT,ask,144,47746.0
2024-08-12 17:02:38,SOLUSDT,ask,144,47349.0
2024-08-12 17:02:46,SOLUSDT,ask,144,47347.0
2024-08-12 17:03:48,SOLUSDT,ask,144,47349.0
2024-08-12 17:05:32,SOLUSDT,ask,144,47358.0
2024-08-12 17:06:12,SOLUSDT,ask,144,47358.0
2024-08-12 17:06:36,SOLUSDT,bid,125,40728.0
2024-08-12 17:07:34,SOLUSDT,ask,144,47366.0
2024-08-12 17:07:42,SOLUSDT,ask,144,47364.0
2024-08-12 17:07:53,SOLUSDT,ask,144,47397.0
2024-08-12 17:08:00,SOLUSDT,ask,144,47364.0
2024-08-12 17:08:03,SOLUSDT,ask,144,47422.0
2024-08-12 17:08:05,SOLUSDT,ask,144,47396.0
2024-08-12 17:08:07,SOLUSDT,ask,144,47397.0
2024-08-12 17:08:11,SOLUSDT,ask,144,47365.0
2024-08-12 17:09:09,SOLUSDT,ask,144,47359.0
2024-08-12 17:09:09,SOLUSDT,ask,144,47373.0
2024-08-12 17:09:09,SOLUSDT,ask,144,47374.0
2024-08-12 17:09:09,SOLUSDT,ask,144,47631.0
2024-08-12 17:09:11,SOLUSDT,ask,144,47373.0
2024-08-12 17:09:13,SOLUSDT,ask,144,47359.0
2024-08-12 17:09:13,SOLUSDT,ask,144,47366.0
2024-08-12 17:09:16,SOLUSDT,ask,144,47399.0
2024-08-12 17:09:16,SOLUSDT,ask,144,47373.0
2024-08-12 17:09:21,SOLUSDT,ask,144,47379.0
2024-08-12 17:09:23,SOLUSDT,ask,144,47359.0
2024-08-12 17:09:23,SOLUSDT,ask,144,47428.0
2024-08-12 17:09:24,SOLUSDT,ask,144,47359.0
2024-08-12 17:09:28,SOLUSDT,ask,144,47428.0
2024-08-12 17:09:28,SOLUSDT,ask,144,47359.0
2024-08-12 17:09:28,SOLUSDT,ask,144,47366.0
2024-08-12 17:09:28,SOLUSDT,ask,144,47428.0
2024-08-12 17:09:30,SOLUSDT,ask,144,47366.0
2024-08-12 17:09:30,SOLUSDT,ask,144,47401.0
2024-08-12 17:09:31,SOLUSDT,ask,144,47367.0
2024-08-12 19:03:46,SOLUSDT,bid,125,40665.0
2024-08-12 19:04:57,SOLUSDT,bid,125,40662.0
2024-08-12 19:05:22,SOLUSDT,bid,125,41005.0
2024-08-12 19:05:50,SOLUSDT,bid,125,41015.0
2024-08-12 19:06:20,SOLUSDT,bid,125,40672.0
2024-08-12 19:07:15,SOLUSDT,bid,75,93209.0
2024-08-12 19:07:16,SOLUSDT,bid,75,93208.0
2024-08-12 19:18:25,SOLUSDT,bid,125,40670.0
2024-08-12 19:18:58,SOLUSDT,ask,176,28989.0
2024-08-12 19:18:58,SOLUSDT,ask,178,34924.0
2024-08-12 19:24:29,SOLUSDT,bid,125,40698.0
2024-08-12 19:29:06,SOLUSDT,bid,125,40699.0
2024-08-12 19:35:45,SOLUSDT,bid,125,40708.0
2024-08-12 19:53:24,SOLUSDT,ask,178,34922.0
2024-08-12 20:00:26,SOLUSDT,bid,125,40720.0
2024-08-12 20:08:04,SOLUSDT,bid,125,40719.0
2024-08-12 20:08:57,SOLUSDT,bid,125,40720.0
2024-08-12 20:25:27,SOLUSDT,bid,125,40723.0
2024-08-12 20:40:51,SOLUSDT,bid,125,40747.0
2024-08-12 20:41:01,SOLUSDT,bid,74,67597.0
2024-08-12 20:41:02,SOLUSDT,bid,74,67596.0
2024-08-12 20:41:47,SOLUSDT,bid,125,40719.0
2024-08-12 20:41:59,SOLUSDT,bid,125,40684.0
2024-08-12 20:43:38,SOLUSDT,bid,125,40683.0
2024-08-12 20:43:48,SOLUSDT,bid,125,40668.0
2024-08-12 20:43:56,SOLUSDT,bid,125,40667.0
2024-08-12 20:44:46,SOLUSDT,bid,125,40658.0
